6.57950239e-07,0.619208,0.713611,1.02462647e-23,0.006834,0.713611
8.49189105e-07,2.021321,0.370476,9.34469484e-24,-0.002773,0.370476
8.70330202e-07,0.725682,5.556845,1.05433560e-23,0.010312,5.556845
6.69949182e-07,0.438034,3.652420,1.01441731e-23,0.008088,3.652420
7.80172858e-07,1.362253,1.345554,1.03646510e-23,-0.009033,1.345554
8.48872155e-07,1.439003,4.626867,1.02968083e-23,-0.012599,4.626867
6.85239080e-07,1.337090,6.120363,1.03139297e-23,-0.006581,6.120363
5.63698542e-07,1.958657,5.484430,9.72829926e-24,-0.002346,5.484430
8.53608254e-07,1.329700,2.033695,1.04967370e-23,-0.010205,2.033695
8.58661023e-07,2.866222,0.921357,9.93654354e-24,0.014062,0.921357
9.32791923e-07,1.995019,3.765188,9.13993792e-24,-0.005009,3.765188
7.66355275e-07,1.655177,4.588213,9.87693807e-24,-0.010555,4.588213
9.32827012e-07,1.715594,5.101661,9.61935136e-24,-0.016429,5.101661
1.94198689e-07,1.470332,4.631357,1.00391464e-23,-0.001153,4.631357
5.50839270e-07,1.867630,1.546011,9.77944959e-24,-0.003669,1.546011
9.79601312e-07,2.190607,1.274793,8.86987655e-24,0.005963,1.274793
7.95513863e-07,0.590297,4.510375,1.03208517e-23,0.010199,4.510375
4.26758060e-07,0.560537,1.930252,1.01135246e-23,0.003567,1.930252
9.66441376e-07,0.980112,5.742037,1.10845227e-23,0.003840,5.742037
4.28277430e-07,2.879996,3.877493,9.99870210e-24,0.004022,3.877493
9.74697919e-07,0.976907,6.257776,1.11436439e-23,0.004247,6.257776
9.05256317e-07,1.425798,0.866699,1.03818817e-23,-0.014791,0.866699
5.92872078e-07,0.567741,1.632930,1.01823844e-23,0.006023,1.632930
7.99040647e-07,2.736896,0.720501,9.87004587e-24,0.011565,0.720501
8.86721595e-07,2.278325,4.617235,9.33022890e-24,0.007016,4.617235
8.64851495e-07,2.280072,5.853877,9.37753774e-24,0.006602,5.853877
9.69820530e-07,1.429683,4.428223,1.04928498e-23,-0.019938,4.428223
8.31836063e-07,1.459445,0.467561,1.02446901e-23,-0.012303,0.467561
9.30106029e-07,1.351025,2.734327,1.05930675e-23,-0.013996,2.734327
9.88622741e-07,1.924298,5.428630,8.86530849e-24,-0.012096,5.428630
6.83037917e-07,1.189045,3.835521,1.04245033e-23,-0.003415,3.835521
4.40679761e-07,1.428467,2.312101,1.01116695e-23,-0.003817,2.312101
7.62464251e-07,2.051485,5.915867,9.48186708e-24,-0.001276,5.915867
7.48829738e-07,0.555123,2.725167,1.02579384e-23,0.009296,2.725167
7.45587679e-07,1.440109,1.643160,1.02266633e-23,-0.009491,1.643160
9.77780124e-07,0.772515,2.614836,1.09313845e-23,0.014677,2.614836
9.29191727e-07,1.182942,1.203979,1.08571426e-23,-0.006722,1.203979
8.16514029e-07,2.324392,3.936882,9.49447537e-24,0.006860,3.936882
6.36246430e-07,2.104749,2.777074,9.63380789e-24,0.000217,2.777074
9.70494329e-07,1.366107,2.163352,1.06819343e-23,-0.017789,2.163352
8.25944067e-07,2.235807,0.095142,9.41839513e-24,0.004629,0.095142
3.30860962e-07,1.869707,1.629836,9.91162767e-24,-0.001634,1.629836
9.90044232e-07,2.377891,5.999792,9.00200167e-24,0.017061,5.999792
5.32437441e-07,2.206689,0.586627,9.74609139e-24,0.001663,0.586627
8.79187343e-07,1.420029,3.852098,1.03639091e-23,-0.013439,3.852098
9.06867630e-07,1.593469,5.482946,9.96131112e-24,-0.016509,5.482946
9.65286725e-07,1.254410,0.187518,1.09106219e-23,-0.011984,0.187518
8.94929555e-07,2.952477,3.965217,9.97577179e-24,0.015859,3.965217
8.72716793e-07,2.357212,2.286332,9.43200072e-24,0.008981,2.286332
9.70466929e-07,0.970266,1.857417,1.11070021e-23,0.004497,1.857417
3.72475933e-07,2.881062,0.075214,1.00030511e-23,0.003239,0.075214
2.00405440e-07,2.084732,1.740612,9.95665264e-24,-0.000034,1.740612
9.39463452e-07,0.625758,4.158686,1.05484589e-23,0.015566,4.158686
8.73534835e-07,2.282582,3.862006,9.36211165e-24,0.006860,3.862006
7.93381300e-07,0.221235,3.416447,1.00654070e-23,0.011729,3.416447
3.63948449e-07,1.367608,0.515405,1.01136108e-23,-0.002533,0.515405
9.74062080e-07,0.827320,4.573304,1.09871318e-23,0.011980,4.573304
8.52975362e-07,2.261992,4.584579,9.38682695e-24,0.005827,4.584579
7.40120198e-07,2.144796,0.409767,9.51408561e-24,0.001373,0.409767
6.01877102e-07,1.247953,4.097550,1.03153774e-23,-0.003809,4.097550
8.35975554e-07,2.127119,5.606534,9.35913002e-24,0.001167,5.606534
9.70373373e-07,2.365815,5.735051,9.15230361e-24,0.013780,5.735051
8.80714598e-07,2.262271,1.090739,9.33068054e-24,0.006355,1.090739
8.67339886e-07,1.558638,5.783761,1.00481378e-23,-0.014529,5.783761
8.63237566e-07,2.762052,1.189906,9.86082981e-24,0.014001,1.189906
7.97574964e-07,1.908030,1.939790,9.50633356e-24,-0.006029,1.939790
8.02771534e-07,0.699576,3.817814,1.04271526e-23,0.008930,3.817814
5.28758937e-07,1.639817,4.923130,9.95940023e-24,-0.005524,4.923130
8.36707190e-07,1.203158,5.493226,1.06216599e-23,-0.005675,5.493226
8.04054726e-07,0.759482,2.630618,1.04815524e-23,0.007872,2.630618
9.74793702e-07,1.600416,4.477130,9.91402862e-24,-0.022737,4.477130
9.22118880e-07,0.401796,2.948855,1.02375205e-23,0.016964,2.948855
4.33546126e-07,1.487272,4.853019,1.00738467e-23,-0.003982,4.853019
8.65440976e-07,1.873932,1.625319,9.43641762e-24,-0.008551,1.625319
7.59058440e-07,0.448602,6.201326,1.01846699e-23,0.010211,6.201326
8.89751629e-07,0.944857,3.127614,1.07742267e-23,0.004160,3.127614
8.67433303e-07,0.499090,5.138720,1.02927660e-23,0.013488,5.138720
5.97088031e-07,1.630206,3.962370,9.95603480e-24,-0.006799,3.962370
4.61874296e-07,1.781276,1.136807,9.88106421e-24,-0.003608,1.136807
7.38197075e-07,2.694724,3.124496,9.86599649e-24,0.009666,3.124496
9.95290246e-07,2.149944,1.356291,8.57331145e-24,0.004325,1.356291
7.66803831e-07,0.730746,2.479020,1.04146528e-23,0.007612,2.479020
8.40061881e-07,1.860647,3.615366,9.49509013e-24,-0.008355,3.615366
8.67063951e-07,2.595157,4.950989,9.69885863e-24,0.013033,4.950989
7.86792796e-07,2.595288,4.147484,9.76473228e-24,0.010368,4.147484
6.96197898e-07,1.080342,0.016607,1.04730386e-23,-0.000825,0.016607
9.08460153e-07,0.863245,4.590333,1.07634049e-23,0.007556,4.590333
9.14062547e-07,0.485421,4.362707,1.03224490e-23,0.015880,4.362707
5.87058812e-07,1.623367,0.540497,9.96496264e-24,-0.006632,0.540497
9.59163925e-07,1.052216,0.462222,1.10569024e-23,-0.000283,0.462222
9.20690390e-07,1.586319,4.512342,9.97779617e-24,-0.017393,4.512342
7.97666685e-07,1.042796,4.052396,1.06166050e-23,0.000142,4.052396
9.55146552e-07,2.054029,4.523898,9.01186466e-24,-0.002245,4.523898
7.03815709e-07,1.887257,0.579680,9.63564171e-24,-0.005176,0.579680
5.79882996e-07,1.691008,6.064771,9.89891911e-24,-0.006124,6.064771
4.53654582e-07,2.020883,4.246788,9.80310134e-24,-0.000897,4.246788
8.58931906e-07,1.953229,2.085018,9.36588190e-24,-0.005498,2.085018
5.16637272e-07,1.031155,0.075115,1.02929967e-23,0.000237,0.075115
6.51466148e-07,2.260735,0.703346,9.65373044e-24,0.003345,0.703346
7.60742448e-07,1.574652,5.834654,1.00137849e-23,-0.010772,5.834654
7.66993482e-07,0.474590,2.647778,1.02070811e-23,0.010301,2.647778
7.09191370e-07,1.237985,5.471035,1.04228798e-23,-0.004865,5.471035
9.12367109e-07,1.291259,4.011878,1.06650292e-23,-0.010927,4.011878
7.62482740e-07,2.721013,5.260725,9.87370778e-24,0.010420,5.260725
8.95825481e-07,1.415028,3.159720,1.03941286e-23,-0.014076,3.159720
8.65236605e-07,2.776519,0.472398,9.87154413e-24,0.014137,0.472398
1.67546359e-07,1.083970,6.242962,1.00687182e-23,-0.000098,6.242962
5.31024156e-07,0.475908,3.544803,1.01179348e-23,0.005352,3.544803
9.81152379e-07,2.909050,2.967294,9.91855827e-24,0.023963,2.967294
9.71471219e-07,0.675227,0.957567,1.07310274e-23,0.017209,0.957567
8.71937815e-07,0.932933,3.003317,1.07261932e-23,0.004358,3.003317
9.91891347e-07,0.607734,3.904127,1.07495756e-23,0.023087,3.904127
7.65067449e-07,0.896618,4.325988,1.05252711e-23,0.004147,4.325988
8.13685003e-07,2.069473,1.688737,9.39851176e-24,-0.000849,1.688737
9.05658248e-07,1.617527,1.284683,9.89958114e-24,-0.016303,1.284683
8.59574560e-07,0.248974,4.513723,1.00891292e-23,0.014133,4.513723
8.49060308e-07,0.526144,3.263753,1.03045569e-23,0.012538,3.263753
6.09361034e-07,0.881651,2.937683,1.03469873e-23,0.002966,2.937683
7.50507107e-07,2.113152,0.116472,9.49579256e-24,0.000532,0.116472
6.13439732e-07,0.549052,4.695671,1.01820411e-23,0.006486,4.695671
8.76727499e-07,0.509522,2.251621,1.03117436e-23,0.013794,2.251621
7.12551520e-07,0.323107,5.098298,1.00971717e-23,0.009352,5.098298
7.06364929e-07,0.984370,5.617982,1.04808402e-23,0.001556,5.617982
8.27383477e-07,1.260989,3.192092,1.05500895e-23,-0.007438,3.192092
9.84466191e-07,2.353653,2.278255,9.02637080e-24,0.014925,2.278255
8.30792361e-07,0.622971,0.808801,1.03842649e-23,0.010846,0.808801
9.01374156e-07,1.038358,5.460473,1.08335420e-23,0.000389,5.460473
5.76727136e-07,1.449061,1.871330,1.01420642e-23,-0.006057,1.871330
9.21791155e-07,2.032548,0.040732,9.15699453e-24,-0.002979,0.040732
9.14332284e-07,1.847910,5.386138,9.37501319e-24,-0.011100,5.386138
7.79680862e-07,2.699633,5.324546,9.85148870e-24,0.010822,5.324546
4.23874837e-07,1.416430,4.516451,1.01129447e-23,-0.003525,4.516451
8.13895758e-07,1.399605,0.612512,1.03383753e-23,-0.010707,0.612512
5.18572587e-07,1.745645,3.712504,9.87761647e-24,-0.004682,3.712504
9.40332851e-07,0.599261,1.450939,1.05124264e-23,0.016114,1.450939
8.60746859e-07,0.436169,4.094277,1.02272990e-23,0.013638,4.094277
8.97604247e-07,0.606293,0.687320,1.04468305e-23,0.013580,0.687320
6.96449617e-07,2.580661,0.336687,9.80968505e-24,0.008048,0.336687
7.29621082e-07,2.481885,1.549624,9.71601848e-24,0.007839,1.549624
5.45430329e-07,2.411666,4.813153,9.80636840e-24,0.004144,4.813153
8.36247367e-07,1.050461,0.423295,1.06845849e-23,-0.000118,0.423295
6.50074161e-07,0.279292,1.956863,1.00690847e-23,0.007956,1.956863
8.56623505e-07,2.617855,3.674438,9.73207172e-24,0.012845,3.674438
9.66318153e-07,1.158770,6.032505,1.10485498e-23,-0.006635,6.032505
7.76825541e-07,2.284670,5.014193,9.52209116e-24,0.005256,5.014193
7.69819786e-07,2.199897,0.872511,9.48849479e-24,0.003027,0.872511
8.19663204e-07,2.108188,0.762716,9.38700840e-24,0.000473,0.762716
6.04906914e-07,1.217163,5.304415,1.03342093e-23,-0.003284,5.304415
3.94100976e-07,2.707738,2.156911,9.96922068e-24,0.003405,2.156911
5.30083569e-07,0.732633,3.811517,1.02256470e-23,0.003932,3.811517
8.18535534e-07,2.046506,1.857772,9.39406416e-24,-0.001660,1.857772
5.23274172e-07,1.407700,1.986890,1.01563720e-23,-0.004853,1.986890
8.70674354e-07,2.721181,2.456166,9.82148699e-24,0.014143,2.456166
4.84115721e-07,2.446247,2.776411,9.85646250e-24,0.003659,2.776411
6.83180764e-07,1.317002,4.778286,1.03318381e-23,-0.006176,4.778286
9.77596945e-07,1.997567,0.419737,8.89371526e-24,-0.006233,0.419737
9.35072723e-07,0.656753,5.733261,1.05822416e-23,0.014646,5.733261
7.87847468e-07,0.843659,4.060095,1.05248760e-23,0.005733,4.060095
8.39518951e-07,1.182221,0.863815,1.06429339e-23,-0.004971,0.863815
9.84239396e-07,1.491209,2.721904,1.03270564e-23,-0.024000,2.721904
9.47919022e-07,2.347995,5.613653,9.23067409e-24,0.011549,5.613653
9.34003066e-07,2.340463,3.202625,9.26904575e-24,0.010602,3.202625
6.94689674e-07,0.898093,3.812819,1.04396561e-23,0.003409,3.812819
8.62957681e-07,2.213797,0.404924,9.33647197e-24,0.004416,0.404924
7.78808224e-07,1.387261,1.006205,1.03276566e-23,-0.009500,1.006205
4.13488606e-07,0.595418,1.297440,1.01190635e-23,0.003283,1.297440
9.14941776e-07,1.445128,2.207274,1.03478967e-23,-0.015737,2.207274
7.17286122e-07,2.782908,6.150350,9.92482792e-24,0.009406,6.150350
5.78238490e-07,0.243373,3.009688,1.00506842e-23,0.006527,3.009688
8.35025508e-07,1.762483,4.191037,9.64735928e-24,-0.010916,4.191037
3.77008872e-07,1.774976,3.447474,9.92142025e-24,-0.002668,3.447474
7.67326006e-07,0.633601,5.348187,1.03349221e-23,0.008988,5.348187
5.70982037e-07,1.628492,5.530201,9.96238557e-24,-0.006313,5.530201
6.44329467e-07,2.079126,2.933532,9.62534487e-24,-0.000329,2.933532
7.32428812e-07,0.768220,0.111797,1.04068591e-23,0.006348,0.111797
7.04871994e-07,1.524301,1.663641,1.00880113e-23,-0.009187,1.663641
7.96569740e-07,2.366712,5.566132,9.55574690e-24,0.007405,5.566132
4.95081013e-07,2.088200,0.253969,9.76551469e-24,-0.000086,0.253969
4.83804996e-07,2.137065,0.407145,9.77629982e-24,0.000561,0.407145
9.50955636e-07,2.308516,4.758131,9.16938631e-24,0.010233,4.758131
8.42313922e-07,1.770489,4.925161,9.62576659e-24,-0.010957,4.925161
5.82178510e-07,0.828099,0.322037,1.03028555e-23,0.003487,0.322037
8.69126071e-07,1.150256,3.445225,1.07225604e-23,-0.004156,3.445225
8.45212854e-07,0.666558,1.862574,1.04449965e-23,0.010645,1.862574
9.69934130e-07,0.382259,5.887595,1.02689306e-23,0.021507,5.887595
8.86122206e-07,1.880389,5.719995,9.38839648e-24,-0.008884,5.719995
9.88740076e-07,2.241366,6.187002,8.80790211e-24,0.009707,6.187002
7.38652941e-07,2.017622,2.557639,9.52295321e-24,-0.002150,2.557639
4.14519345e-07,1.968608,3.543969,9.83964777e-24,-0.001332,3.543969
3.61994484e-07,1.737824,0.377757,9.94239998e-24,-0.002702,0.377757
4.09441620e-07,1.350949,4.624206,1.01398773e-23,-0.002920,4.624206
9.88482064e-07,1.174522,1.428037,1.12397068e-23,-0.009111,1.428037
7.52911294e-07,0.634890,2.980889,1.03240724e-23,0.008634,2.980889
1.39061181e-07,1.569842,4.415835,1.00204321e-23,-0.000734,4.415835
9.36310170e-07,1.504102,2.309550,1.02134331e-23,-0.018139,2.309550
7.67527946e-07,2.022790,2.316224,9.48149702e-24,-0.002165,2.316224
6.98822835e-07,1.612102,1.768780,9.96109996e-24,-0.009060,1.768780
8.42628884e-07,1.105276,0.940430,1.06882726e-23,-0.002159,0.940430
4.48830523e-07,0.737410,3.766366,1.01792249e-23,0.002982,3.766366
9.67946772e-07,1.206725,2.543016,1.10023275e-23,-0.009520,2.543016
5.76130259e-07,0.806378,3.411137,1.02890751e-23,0.003698,3.411137
9.06231948e-07,2.554733,5.160527,9.60517306e-24,0.014285,5.160527
5.44214200e-07,2.427816,2.177890,9.81420415e-24,0.004269,2.177890
9.11363279e-07,2.744201,4.310155,9.81607149e-24,0.016318,4.310155
8.83224638e-07,1.749494,0.110084,9.61460737e-24,-0.012962,0.110084
8.13434323e-07,0.911670,2.574607,1.06047040e-23,0.004300,2.574607
7.93633513e-07,0.644715,0.684590,1.03680854e-23,0.009508,0.684590
7.18923008e-07,0.987464,5.566198,1.04971056e-23,0.001532,5.566198
8.69389565e-07,2.466011,6.127133,9.55366895e-24,0.011284,6.127133
9.79584061e-07,2.021547,0.280171,8.85609567e-24,-0.004763,0.280171
5.74898157e-07,2.274722,0.123357,9.72923259e-24,0.002897,0.123357
9.70890417e-07,0.739109,5.442991,1.08338603e-23,0.015159,5.442991
9.84660484e-07,0.926106,1.258929,1.12044957e-23,0.007758,1.258929
3.90184240e-07,2.540422,3.347905,9.92855357e-24,0.002982,3.347905
7.80292865e-07,0.452702,0.859829,1.01973442e-23,0.010790,0.859829
7.70776866e-07,1.650870,5.636315,9.88245572e-24,-0.010719,5.636315
4.46562108e-07,0.794634,6.131348,1.01951660e-23,0.002545,6.131348
5.02591715e-07,1.019954,5.167613,1.02806895e-23,0.000383,5.167613
9.06182919e-07,1.277050,5.462371,1.06732296e-23,-0.010139,5.462371
9.12484221e-07,1.215732,2.004755,1.07713847e-23,-0.007778,2.004755
9.80945239e-07,1.194743,0.940079,1.11198822e-23,-0.009723,0.940079
5.28034667e-07,2.484460,4.152650,9.84824404e-24,0.004478,4.152650
4.80341246e-07,2.979217,3.969555,1.00102895e-23,0.004843,3.969555
9.20839581e-07,1.983300,3.276135,9.18934440e-24,-0.005337,3.276135
9.83275937e-07,2.262287,3.779549,8.90443592e-24,0.010283,3.779549
4.17028778e-07,0.933007,5.578508,1.02060694e-23,0.001146,5.578508
8.17048384e-07,1.398682,3.061339,1.03427287e-23,-0.010783,3.061339
9.87787977e-07,2.320487,1.552032,8.93352082e-24,0.013901,1.552032
9.91355665e-07,1.649627,4.936485,9.68833761e-24,-0.026235,4.936485
9.40284961e-07,1.654855,1.632067,9.77387101e-24,-0.018215,1.632067
5.56478237e-07,1.004719,0.499162,1.03264583e-23,0.000700,0.499162
7.23255621e-07,2.794174,5.538584,9.92916828e-24,0.009579,5.538584
7.77436983e-07,1.878013,3.322469,9.56116128e-24,-0.006553,3.322469
2.96783749e-07,1.831164,5.614922,9.93689905e-24,-0.001589,5.614922
9.67229797e-07,0.355220,5.236546,1.02321063e-23,0.021275,5.236546
9.32598127e-07,1.773100,2.884853,9.48051459e-24,-0.014739,2.884853
8.15872087e-07,1.311279,3.239730,1.04728459e-23,-0.008664,3.239730
8.53195501e-07,2.636646,4.895681,9.75362018e-24,0.012874,4.895681
7.88240760e-07,0.295831,0.217179,1.00993929e-23,0.011493,0.217179
5.53335432e-07,2.781981,1.242178,9.95938720e-24,0.005971,1.242178
9.40137994e-07,0.547674,3.646881,1.04392781e-23,0.016899,3.646881
7.65129459e-07,1.298558,5.263169,1.04287062e-23,-0.007237,5.263169
6.19576889e-07,1.333186,4.735917,1.02691640e-23,-0.005445,4.735917
5.91488581e-07,1.192377,0.607099,1.03331998e-23,-0.002715,0.607099
8.96505284e-07,2.732505,2.115541,9.81524504e-24,0.015435,2.115541
6.11774147e-07,1.690908,0.566386,9.88750344e-24,-0.006706,0.566386
9.12553720e-07,2.288569,4.931891,9.27573701e-24,0.008031,4.931891
8.10908748e-07,0.887301,0.719465,1.05867606e-23,0.004956,0.719465
6.05201824e-07,2.944547,2.461720,9.99877236e-24,0.007066,2.461720
5.78664467e-07,2.112830,0.832321,9.69190118e-24,0.000327,0.832321
9.72780767e-07,2.351991,0.317519,9.11676426e-24,0.013464,0.317519
8.06198215e-07,2.316535,3.864246,9.50336609e-24,0.006481,3.864246
9.69490950e-07,0.892361,3.890883,1.10355821e-23,0.008586,3.890883
9.06199444e-07,1.612882,1.364804,9.91129391e-24,-0.016368,1.364804
7.78764295e-07,0.255354,0.134445,1.00779305e-23,0.011248,0.134445
8.61529493e-07,0.726092,3.541052,1.05298832e-23,0.010029,3.541052
5.70323108e-07,0.807157,2.357745,1.02848937e-23,0.003627,2.357745
3.85753940e-07,0.858815,3.634555,1.01729899e-23,0.001593,3.634555
8.02150444e-07,2.195009,4.565673,9.43774645e-24,0.003160,4.565673
7.59950472e-07,0.779853,4.282750,1.04448460e-23,0.006616,4.282750
9.25606410e-07,1.278852,2.263452,1.07192011e-23,-0.010974,2.263452
7.48978769e-07,1.567734,6.205989,1.00253533e-23,-0.010440,6.205989
9.73853548e-07,2.404287,0.393823,9.19271831e-24,0.015540,0.393823
9.96736817e-07,1.883656,5.658410,8.76539659e-24,-0.017279,5.658410
9.29145482e-07,1.256058,1.920933,1.07655642e-23,-0.010138,1.920933
6.48264284e-07,2.031505,4.159273,9.62677563e-24,-0.001382,4.159273
9.15127172e-07,1.765420,4.252089,9.53256667e-24,-0.014001,4.252089
9.32670280e-07,0.380886,4.398256,1.02245863e-23,0.017802,4.398256
8.49664135e-07,2.219428,6.261954,9.36619713e-24,0.004429,6.261954
9.30104674e-07,1.908275,3.042941,9.23940564e-24,-0.009145,3.042941
9.05044261e-07,2.125226,1.278642,9.19924657e-24,0.001365,1.278642
6.61043867e-07,1.791134,3.959997,9.75807312e-24,-0.006386,3.959997
5.61559719e-07,2.654757,3.108376,9.90866622e-24,0.005832,3.108376
9.90594217e-07,1.201548,1.008843,1.12345248e-23,-0.011319,1.008843
8.79227079e-07,0.765629,5.766926,1.06013911e-23,0.009653,5.766926
8.18677804e-07,2.182325,5.722555,9.40536983e-24,0.002911,5.722555
9.10833395e-07,2.314916,4.831845,9.30640512e-24,0.008876,4.831845
9.48344133e-07,2.355096,4.573697,9.23835590e-24,0.011821,4.573697
9.85629824e-07,0.720641,1.045767,1.09068446e-23,0.017849,1.045767
7.42770235e-07,1.814831,4.152234,9.66621665e-24,-0.007450,4.152234
9.18466037e-07,2.319166,3.819982,9.29053455e-24,0.009273,3.819982
3.15739665e-07,1.565436,5.985803,1.00224554e-23,-0.002529,5.985803
9.01983770e-07,1.686226,2.501159,9.73176365e-24,-0.015217,2.501159
7.03752210e-07,2.164245,4.222725,9.56448974e-24,0.001713,4.222725
9.05915884e-07,2.494175,4.584460,9.52961046e-24,0.013273,4.584460
6.17121191e-07,1.145870,0.535328,1.03732175e-23,-0.001992,0.535328
6.01794493e-07,0.681401,1.052371,1.02470528e-23,0.005356,1.052371
7.38113937e-07,2.536484,3.544745,9.75132680e-24,0.008605,3.544745
7.26805791e-07,1.286657,2.735082,1.04006182e-23,-0.006266,2.735082
8.81704449e-08,2.767064,3.691259,1.00163162e-23,0.000361,3.691259
5.96018571e-07,2.313228,5.070167,9.72626404e-24,0.003624,5.070167
9.35259481e-07,0.888102,2.184529,1.08681889e-23,0.007379,2.184529
7.76905176e-07,1.893858,5.503232,9.54682193e-24,-0.006104,5.503232
8.52663941e-07,0.096795,4.796377,1.00305696e-23,0.013908,4.796377
6.12373532e-07,1.499711,5.827145,1.01004082e-23,-0.007044,5.827145
9.52848652e-07,1.756478,1.036708,9.47073909e-24,-0.016743,1.036708
8.64785601e-07,2.059738,4.809807,9.30083539e-24,-0.001371,4.809807
8.27693082e-07,0.695662,1.038583,1.04526370e-23,0.009642,1.038583
3.89438429e-07,1.024711,2.376325,1.01948218e-23,0.000212,2.376325
8.55868540e-07,2.058268,4.452325,9.32022214e-24,-0.001392,4.452325
6.81720700e-07,1.522866,3.335839,1.00859033e-23,-0.008631,3.335839
8.65272684e-07,1.138616,0.830424,1.07207633e-23,-0.003643,0.830424
7.57115790e-07,2.200502,2.867577,9.50649518e-24,0.002941,2.867577
3.60192938e-07,2.477301,6.072528,9.92430449e-24,0.002429,6.072528
4.65114940e-07,2.321977,1.936468,9.82648195e-24,0.002498,1.936468
9.84148608e-07,2.121649,1.149906,8.78386905e-24,0.001819,1.149906
9.34652612e-07,1.397146,4.736071,1.04968791e-23,-0.015768,4.736071
6.40158473e-07,2.778465,4.778871,9.94081297e-24,0.007638,4.778871
8.05569542e-07,2.504194,4.730544,9.66779132e-24,0.009922,4.730544
6.56863055e-07,1.333633,5.914900,1.02955544e-23,-0.006039,5.914900
9.18911483e-07,2.156088,2.532671,9.16549130e-24,0.002837,2.532671
8.89586234e-07,2.050974,1.966040,9.24414321e-24,-0.001861,1.966040
8.98771416e-07,1.963462,1.037051,9.26827625e-24,-0.005799,1.037051
9.40863581e-07,1.207272,1.176491,1.08721341e-23,-0.008291,1.176491
7.85107345e-07,0.675240,0.175386,1.03868833e-23,0.008876,0.175386
8.30724681e-07,0.724225,2.720280,1.04841121e-23,0.009200,2.720280
9.31137209e-07,0.935516,2.799988,1.08906823e-23,0.005249,2.799988
9.37459584e-07,1.702436,4.742539,9.64611863e-24,-0.017074,4.742539
9.20552486e-07,0.737776,6.177535,1.06560326e-23,0.011913,6.177535
6.40586722e-07,1.220398,6.043885,1.03651366e-23,-0.003692,6.043885
7.63938139e-07,2.282127,1.505748,9.53750411e-24,0.005019,1.505748
1.44366258e-07,0.884186,3.042171,1.00558191e-23,0.000317,3.042171
7.10458065e-07,1.602988,4.774211,9.97265771e-24,-0.009376,4.774211
7.71270197e-07,2.349928,1.185383,9.57391375e-24,0.006588,1.185383
7.53153332e-07,0.981669,3.700375,1.05411855e-23,0.001836,3.700375
4.01110017e-07,2.173566,2.539332,9.84134769e-24,0.000762,2.539332
9.17292851e-07,2.626116,4.303460,9.67839954e-24,0.015779,4.303460
1.32910127e-07,1.953009,4.237545,9.98867535e-24,-0.000266,4.237545
7.71544280e-07,2.638702,2.312754,9.80963170e-24,0.010261,2.312754
7.41713792e-07,0.941816,4.584993,1.05137572e-23,0.002805,4.584993
9.87517228e-07,2.784893,0.797360,9.76755131e-24,0.025179,0.797360
8.23530588e-07,1.867642,4.161480,9.51100818e-24,-0.007758,4.161480
9.31690223e-07,2.686050,1.666517,9.73333794e-24,0.017263,1.666517
5.49725562e-07,2.475084,0.067567,9.83222736e-24,0.004716,0.067567
7.27478979e-07,1.782899,3.819680,9.71690146e-24,-0.007781,3.819680
7.23163276e-07,1.490080,3.849284,1.01427140e-23,-0.009437,3.849284
5.16367298e-07,0.863283,1.134234,1.02633218e-23,0.002470,1.134234
8.52797497e-07,2.330658,6.158906,9.44226549e-24,0.007779,6.158906
9.85299351e-07,2.144964,0.411391,8.77708540e-24,0.003383,0.411391
8.62714801e-07,1.884917,5.628762,9.42759361e-24,-0.008096,5.628762
8.01987963e-07,1.877944,3.323770,9.52953971e-24,-0.007008,3.323770
9.23045882e-07,1.057256,4.472108,1.09003750e-23,-0.000482,4.472108
7.74538471e-07,2.296191,2.832905,9.53245591e-24,0.005491,2.832905
7.51674431e-07,0.645595,2.615431,1.03316737e-23,0.008483,2.615431
8.27463399e-07,1.330029,2.582438,1.04614928e-23,-0.009469,2.582438
6.57468026e-07,1.435976,5.474125,1.01882309e-23,-0.007459,5.474125
8.06862534e-07,2.062647,6.002311,9.41105507e-24,-0.001063,6.002311
8.59707067e-07,2.604119,0.363061,9.71527662e-24,0.012834,0.363061
9.77181753e-07,2.360938,4.290318,9.10063221e-24,0.014281,4.290318
7.23167607e-07,2.434424,0.929015,9.68622045e-24,0.007110,0.929015
6.59640547e-07,2.471517,6.033221,9.76141033e-24,0.006400,6.033221
5.23431146e-07,1.633522,3.880607,9.96577881e-24,-0.005457,3.880607
4.21645640e-07,1.316011,4.376579,1.01610685e-23,-0.002773,4.376579
9.26051884e-07,0.835476,2.596887,1.07858974e-23,0.009090,2.596887
7.48191032e-07,0.992183,0.561680,1.05366513e-23,0.001528,0.561680
9.89343153e-07,2.011551,6.132102,8.73840281e-24,-0.006005,6.132102
6.59324651e-07,1.479092,5.980101,1.01371575e-23,-0.007881,5.980101
6.48289671e-07,1.512942,0.242411,1.00925148e-23,-0.007845,0.242411
7.71503258e-07,1.932400,0.990032,9.52238522e-24,-0.004916,0.990032
5.69017170e-07,0.924274,6.110899,1.03236479e-23,0.002018,6.110899
9.53843145e-07,2.556664,1.106821,9.51750419e-24,0.017436,1.106821
2.20835801e-07,1.653147,0.650449,1.00014807e-23,-0.001423,0.650449
6.03285751e-07,0.559414,5.594492,1.01828819e-23,0.006249,5.594492
9.08732552e-07,2.114280,3.990703,9.18676914e-24,0.000896,3.990703
5.88705615e-07,2.651793,2.743092,9.89812694e-24,0.006300,2.743092
9.95580976e-07,1.203590,0.685256,1.13520621e-23,-0.012609,0.685256
6.33505922e-07,1.649297,5.345131,9.92673030e-24,-0.007428,5.345131
2.79127790e-07,1.405608,5.049148,1.00722145e-23,-0.001823,5.049148
9.91226017e-07,2.180714,4.108899,8.70259828e-24,0.006122,4.108899
5.29820120e-07,1.907941,5.074350,9.77523619e-24,-0.002877,5.074350
8.68443070e-07,0.043967,0.125354,1.00225410e-23,0.014589,0.125354
2.70834527e-07,1.064779,2.303430,1.01205720e-23,-0.000096,2.303430
9.87419041e-07,1.197659,3.929161,1.11907964e-23,-0.010589,3.929161
7.93402953e-07,0.796882,5.340357,1.04983258e-23,0.006883,5.340357
9.61758113e-07,1.777889,4.355244,9.38716010e-24,-0.016764,4.355244
9.22908005e-07,1.139944,4.086830,1.08709501e-23,-0.004493,4.086830
7.80546659e-07,2.810430,0.962965,9.92362740e-24,0.011196,0.962965
3.75161404e-07,0.577461,2.071604,1.01007983e-23,0.002876,2.071604
7.59778869e-07,1.674771,5.550156,9.84787957e-24,-0.010179,5.550156
9.49722101e-07,0.297273,5.888557,1.01559581e-23,0.019522,5.888557
2.78471389e-07,1.020733,1.960359,1.01247421e-23,0.000149,1.960359
7.72887002e-07,1.294504,3.890914,1.04417995e-23,-0.007287,3.890914
3.38538575e-07,1.450611,4.287204,1.00721653e-23,-0.002616,4.287204
9.50961705e-07,1.958616,4.657923,9.09873061e-24,-0.007405,4.657923
8.56807634e-07,1.549037,2.015181,1.00685099e-23,-0.014049,2.015181
8.75681548e-07,2.691759,0.451990,9.79047225e-24,0.014198,0.451990
7.48728000e-07,0.747977,6.142817,1.04090738e-23,0.006975,6.142817
6.01432523e-07,2.132917,3.804225,9.67126010e-24,0.000724,3.804225
9.55307573e-07,1.602236,5.857585,9.92019388e-24,-0.020171,5.857585
4.96574006e-07,2.338527,4.270461,9.81058458e-24,0.002932,4.270461
8.13338000e-07,1.042487,1.768566,1.06429323e-23,0.000159,1.768566
9.68832734e-07,0.723814,4.057756,1.07984123e-23,0.015461,4.057756
7.28696417e-07,1.646294,5.574094,9.90397747e-24,-0.009616,5.574094
9.67840233e-07,1.310752,1.581195,1.08088194e-23,-0.015049,1.581195
8.74080238e-07,0.996049,2.685438,1.07571675e-23,0.002028,2.685438
5.38580328e-07,1.684538,4.058927,9.91838904e-24,-0.005462,4.058927
4.05107910e-07,2.002629,2.223985,9.84053204e-24,-0.000939,2.223985
9.02687433e-07,1.510882,2.710126,1.01731376e-23,-0.016022,2.710126
7.84058372e-07,2.504915,0.729427,9.68852945e-24,0.009365,0.729427
9.73282169e-07,2.123307,3.236454,8.89216454e-24,0.001760,3.236454
7.26263064e-07,2.323831,2.004983,9.60777838e-24,0.005367,2.004983
8.09868415e-07,0.355134,1.735953,1.01404431e-23,0.012073,1.735953
8.62139976e-07,1.841839,0.830860,9.48590287e-24,-0.009540,0.830860
8.72462743e-07,1.920676,2.468148,9.36869791e-24,-0.007003,2.468148
9.04581742e-07,1.740175,5.334990,9.60477758e-24,-0.014169,5.334990
6.67636876e-07,2.114456,0.134096,9.59982608e-24,0.000456,0.134096
8.77297416e-07,1.894857,2.903459,9.38791527e-24,-0.008099,2.903459
3.24817596e-07,1.071116,2.839074,1.01523487e-23,-0.000173,2.839074
7.38925333e-07,1.935624,0.709315,9.56173226e-24,-0.004421,0.709315
5.39092797e-07,1.983996,1.465429,9.74172081e-24,-0.001777,1.465429
5.55800463e-07,3.014516,4.518964,1.00125326e-23,0.006136,4.518964
9.00443984e-07,0.975864,2.386348,1.08165922e-23,0.003055,2.386348
9.21518175e-07,1.560197,4.928214,1.00494594e-23,-0.017459,4.928214
6.18601030e-07,1.532972,0.603600,1.00639679e-23,-0.007298,0.603600
6.62732655e-07,1.781314,3.601060,9.76667743e-24,-0.006571,3.601060
4.92119071e-07,1.122941,3.354719,1.02671647e-23,-0.001052,3.354719
6.80986346e-07,1.261346,3.826356,1.03770715e-23,-0.005020,3.826356
9.89999088e-07,0.951702,1.257641,1.13069505e-23,0.006619,1.257641
7.82317218e-07,1.472674,0.089499,1.01935834e-23,-0.010879,0.089499
3.95980502e-07,0.786902,3.837961,1.01634232e-23,0.002159,3.837961
9.42805358e-07,1.432296,0.529837,1.04220775e-23,-0.017314,0.529837
6.64960122e-07,0.943349,5.354790,1.04228613e-23,0.002255,5.354790
9.00611392e-07,1.108273,0.408556,1.08200815e-23,-0.002724,0.408556
8.56018642e-07,2.098838,4.917112,9.31649239e-24,0.000170,4.917112
1.67683553e-07,2.205546,4.030541,9.97368033e-24,0.000280,4.030541
8.17723113e-07,2.539494,2.565704,9.68954285e-24,0.010709,2.565704
5.12836860e-07,2.145397,0.956611,9.75314028e-24,0.000733,0.956611
4.92871199e-07,1.257003,5.884285,1.02289978e-23,-0.002856,5.884285
9.40600641e-07,1.660812,2.178709,9.75653118e-24,-0.018145,2.178709
4.05313978e-07,2.865703,1.755809,9.99827734e-24,0.003686,1.755809
8.77595653e-07,1.808167,5.628331,9.51389580e-24,-0.011098,5.628331
8.86079101e-07,0.321599,1.313395,1.01442618e-23,0.015226,1.313395
9.54274603e-07,1.897027,0.677696,9.16661265e-24,-0.010778,0.677696
9.19093993e-07,2.191666,2.803044,9.18159587e-24,0.004396,2.803044
8.38080892e-07,1.551102,4.522357,1.00616102e-23,-0.013304,4.522357
9.79382965e-07,2.454219,0.524491,9.24391960e-24,0.017905,0.524491
3.10844162e-07,1.034628,0.696022,1.01439804e-23,0.000084,0.696022
6.10758581e-07,1.324146,3.310679,1.02703575e-23,-0.005177,3.310679
7.63531095e-07,2.704090,3.177635,9.86175427e-24,0.010382,3.177635
5.56503001e-07,2.026428,3.668761,9.71761166e-24,-0.001152,3.668761
4.96142887e-07,1.222392,3.627565,1.02449499e-23,-0.002439,3.627565
7.30620945e-07,1.043057,4.812007,1.05184489e-23,0.000112,4.812007
8.54333614e-07,1.559206,0.827403,1.00458161e-23,-0.013969,0.827403
6.41407122e-07,2.456312,3.405476,9.76491420e-24,0.005940,3.405476
7.13184886e-07,1.298608,0.361156,1.03759389e-23,-0.006304,0.361156
9.47337351e-07,1.691287,2.669302,9.66037615e-24,-0.018112,2.669302
9.61174826e-07,1.674380,1.538570,9.68573870e-24,-0.019830,1.538570
3.47076501e-07,0.712828,3.153004,1.01217202e-23,0.002108,3.153004
9.72202282e-07,1.947245,5.815013,8.99303098e-24,-0.009056,5.815013
7.05355007e-07,1.147052,3.875662,1.04681228e-23,-0.002561,3.875662
8.05252584e-07,0.824552,2.558856,1.05355532e-23,0.006476,2.558856
9.28613924e-07,1.282593,3.748300,1.07213118e-23,-0.011265,3.748300
9.85041536e-07,1.766149,0.576383,9.30367117e-24,-0.020474,0.576383
8.09415355e-07,0.871681,5.109852,1.05746716e-23,0.005358,5.109852
8.13565701e-07,1.685925,3.568123,9.80031725e-24,-0.011635,3.568123
9.15366471e-07,1.004902,3.357622,1.08699569e-23,0.001935,3.357622
4.41390886e-07,2.022188,1.814999,9.81210721e-24,-0.000844,1.814999
9.13101466e-07,2.347369,5.962032,9.33554897e-24,0.009985,5.962032
2.42360650e-07,2.031547,5.644390,9.93676289e-24,-0.000293,5.644390
3.14004033e-07,0.737918,1.520255,1.01119529e-23,0.001716,1.520255
7.50362140e-07,1.964437,2.949809,9.53005986e-24,-0.003749,2.949809
9.80028435e-07,2.415163,0.587833,9.17029200e-24,0.016707,0.587833
9.24537584e-07,1.273073,0.327403,1.07256802e-23,-0.010685,0.327403
7.52156081e-07,1.465325,0.719813,1.01916269e-23,-0.009958,0.719813
7.64828105e-07,0.956967,3.660867,1.05505173e-23,0.002576,3.660867
8.65893007e-07,0.896360,4.483818,1.06908016e-23,0.005516,4.483818
4.78566320e-07,1.202753,3.626053,1.02386910e-23,-0.002054,3.626053
7.70453038e-07,2.254954,3.780458,9.51332369e-24,0.004456,3.780458
9.45840597e-07,0.811928,2.929906,1.08253308e-23,0.010780,2.929906
7.14496828e-07,1.284045,3.948750,1.03907690e-23,-0.006007,3.948750
9.41029320e-07,2.752379,3.743898,9.79952381e-24,0.018409,3.743898
6.81640704e-07,1.550943,5.031912,1.00475746e-23,-0.008710,5.031912
7.28459306e-07,1.645740,1.579228,9.90488570e-24,-0.009614,1.579228
5.73172153e-07,1.072828,3.042261,1.03431555e-23,-0.000453,3.042261
7.89399286e-07,1.762763,3.538866,9.69141206e-24,-0.009609,3.538866
9.64897212e-07,1.278053,0.610297,1.08638963e-23,-0.013181,0.610297
9.39528336e-07,1.645150,0.342894,9.80244148e-24,-0.018295,0.342894
8.45251803e-07,1.392336,1.268991,1.03811679e-23,-0.011547,1.268991
9.59977352e-07,2.417340,3.692222,9.28166205e-24,0.014650,3.692222
8.58913418e-07,2.656963,2.787738,9.76903122e-24,0.013254,2.787738
9.39399690e-07,0.411322,3.394107,1.02642373e-23,0.018152,3.394107
9.23216331e-07,0.982768,1.390065,1.08883026e-23,0.003008,1.390065
6.91708363e-07,1.452347,6.131096,1.01832777e-23,-0.008355,6.131096
7.14180747e-07,1.950923,6.125796,9.58205004e-24,-0.003752,6.125796
4.48630913e-07,1.188468,5.720730,1.02211914e-23,-0.001689,5.720730
7.91712435e-07,2.284296,1.133062,9.50135930e-24,0.005463,1.133062
6.61862489e-07,2.494695,3.063350,9.77447639e-24,0.006663,3.063350
7.13884424e-07,1.574426,5.012744,1.00148888e-23,-0.009510,5.012744
7.32922248e-07,2.484252,5.196257,9.71514502e-24,0.007936,5.196257
9.22926846e-07,1.941727,0.862496,9.22119561e-24,-0.007354,0.862496
8.91967898e-07,2.050532,0.989231,9.23811885e-24,-0.001895,0.989231
6.89942899e-07,1.835246,4.893764,9.69309626e-24,-0.006080,4.893764
9.16932217e-07,2.040455,3.244007,9.16970394e-24,-0.002548,3.244007
8.03751873e-07,1.678102,6.161850,9.82012977e-24,-0.011424,6.161850
9.20377255e-07,1.337621,1.128084,1.05987785e-23,-0.013008,1.128084
6.40362179e-07,0.185239,1.228500,1.00413292e-23,0.007794,1.228500
9.36032669e-07,2.745808,5.117799,9.79715209e-24,0.017979,5.117799
2.31700488e-07,0.976903,5.660466,1.00982047e-23,0.000294,5.660466
9.50015863e-07,0.888163,4.978017,1.09268325e-23,0.007886,4.978017
9.34566246e-07,2.586007,3.837442,9.60056904e-24,0.016391,3.837442
5.82276389e-07,1.739184,3.058195,9.85334668e-24,-0.005734,3.058195
3.37922382e-07,1.663857,5.943428,9.97986942e-24,-0.002687,5.943428
7.72538177e-07,1.575214,0.216256,1.00125914e-23,-0.011118,0.216256
8.69573242e-07,1.122490,2.468589,1.07378103e-23,-0.003039,2.468589
8.32053969e-07,1.210202,5.286669,1.06077680e-23,-0.005843,5.286669
7.07801059e-07,2.802648,4.419009,9.93696464e-24,0.009209,4.419009
7.66518536e-07,1.602752,3.748804,9.96539413e-24,-0.010886,3.748804
9.44021855e-07,2.190066,0.957612,9.08956109e-24,0.004797,0.957612
7.92890237e-07,1.152185,1.105316,1.05837062e-23,-0.003402,1.105316
8.12545255e-07,2.734483,3.415289,9.86254277e-24,0.011994,3.415289
9.45383489e-07,1.427319,4.867254,1.04403885e-23,-0.017392,4.867254
6.89230614e-07,1.037624,5.308614,1.04663966e-23,0.000231,5.308614
5.45601980e-07,1.221030,1.122552,1.02829151e-23,-0.002824,1.122552
1.68395610e-07,1.623381,1.298388,1.00122649e-23,-0.000965,1.298388
4.14734882e-07,0.765483,4.803842,1.01684367e-23,0.002462,4.803842
6.29567050e-07,2.259199,0.518539,9.67448338e-24,0.003125,0.518539
7.63298562e-07,1.490930,0.471614,1.01551109e-23,-0.010508,0.471614
4.45337876e-07,2.656666,0.132548,9.94397919e-24,0.004021,0.132548
9.87691315e-07,2.782429,4.242624,9.76359238e-24,0.025219,4.242624
9.55816458e-07,1.235765,3.627030,1.08948172e-23,-0.010412,3.627030
7.73341636e-07,1.418734,5.078581,1.02760819e-23,-0.009905,5.078581
7.73060648e-07,1.184332,2.764386,1.05369929e-23,-0.004199,2.764386
8.20896575e-07,1.115490,1.506839,1.06449119e-23,-0.002389,1.506839
8.80762021e-07,1.471646,4.567705,1.02527852e-23,-0.014436,4.567705
8.55921495e-07,1.270855,1.125264,1.05836559e-23,-0.008417,1.125264
8.74340106e-07,2.070700,3.314700,9.27746398e-24,-0.000964,3.314700
6.45197804e-07,1.522012,2.093664,1.00807921e-23,-0.007816,2.093664
4.69786303e-07,2.137999,1.844233,9.78750920e-24,0.000547,1.844233
8.02138433e-07,2.720568,1.937006,9.85676990e-24,0.011599,1.937006
9.31677972e-07,0.308488,4.254224,1.01549673e-23,0.017988,4.254224
4.93619897e-07,1.675488,5.336829,9.93853966e-24,-0.004792,5.336829
9.16510006e-07,1.611154,0.310859,9.91175816e-24,-0.017003,0.310859
8.78758614e-07,0.585888,0.034987,1.03979874e-23,0.013046,0.034987
8.97844036e-07,1.045029,3.566162,1.08239769e-23,0.000095,3.566162
6.99261256e-07,2.825626,4.350290,9.94933048e-24,0.009037,4.350290
9.71816196e-07,1.386135,0.295856,1.06311548e-23,-0.018738,0.295856
9.38720315e-07,1.457477,2.920452,1.03468585e-23,-0.017568,2.920452
3.26238778e-07,2.767681,5.446053,9.99163618e-24,0.002596,5.446053
8.61278911e-07,1.496130,5.022347,1.01863776e-23,-0.013883,5.022347
9.97143112e-07,0.542909,0.642828,1.06952879e-23,0.027766,0.642828
4.92921085e-07,1.506495,0.364516,1.00710616e-23,-0.004948,0.364516
9.33708501e-07,1.783908,4.006416,9.45366875e-24,-0.014440,4.006416
8.30778486e-07,1.876426,5.637890,9.49016783e-24,-0.007643,5.637890
9.28749779e-07,2.630732,0.177605,9.66875428e-24,0.016546,0.177605
6.88592495e-07,1.698480,0.273453,9.84683292e-24,-0.008189,0.273453
8.78350688e-07,0.141442,4.284939,1.00439696e-23,0.015040,4.284939
6.46496586e-07,2.689848,4.747901,9.89706423e-24,0.007546,4.747901
6.86662030e-07,0.825685,2.369267,1.03959504e-23,0.004694,2.369267
8.82819032e-07,1.216547,1.265518,1.06982733e-23,-0.007062,1.265518
6.76290996e-07,0.715524,6.232707,1.03205257e-23,0.006173,6.232707
4.89692236e-07,1.004645,3.859276,1.02691086e-23,0.000570,3.859276
8.66282023e-07,1.792893,4.099181,9.55702130e-24,-0.011158,4.099181
6.94259144e-07,1.915557,3.317544,9.62540468e-24,-0.004399,3.317544
7.53098022e-07,1.064082,5.798363,1.05486028e-23,-0.000487,5.798363
8.39911823e-07,1.173168,1.071033,1.06499770e-23,-0.004648,1.071033
9.15903139e-07,2.846668,0.400178,9.90445377e-24,0.016945,0.400178
7.39490115e-07,1.821690,4.596259,9.66163867e-24,-0.007237,4.596259
8.67741393e-07,0.399769,0.285172,1.01991448e-23,0.014113,0.285172
6.47306778e-07,0.838565,3.761659,1.03642997e-23,0.004018,3.761659
8.95059638e-07,1.421746,5.229691,1.03784099e-23,-0.014192,5.229691
9.90576816e-07,0.959547,0.142002,1.13241536e-23,0.006152,0.142002
3.29919771e-07,1.804096,3.290752,9.93033663e-24,-0.002022,3.290752
4.88285652e-07,0.924178,4.724827,1.02567848e-23,0.001574,4.724827
8.01015159e-07,2.623211,1.446079,9.77892090e-24,0.011003,1.446079
9.44327745e-07,2.299088,0.446879,9.18503465e-24,0.009551,0.446879
9.42413976e-07,1.804291,1.729014,9.38613634e-24,-0.014233,1.729014
9.70509187e-07,2.021106,2.718820,8.93310512e-24,-0.004477,2.718820
8.23017585e-07,2.114544,5.993124,9.38151398e-24,0.000696,5.993124
7.23367802e-07,1.209948,3.727415,1.04578356e-23,-0.004344,3.727415
7.64736796e-07,1.633462,2.792913,9.91368309e-24,-0.010679,2.792913
8.08351789e-07,0.735681,5.864654,1.04661705e-23,0.008429,5.864654
5.93746408e-07,1.799636,0.599131,9.79580609e-24,-0.005186,0.599131
8.06765199e-07,1.651888,2.360569,9.86640175e-24,-0.011811,2.360569
8.47037457e-07,0.454639,4.766981,1.02353624e-23,0.012990,4.766981
8.26560229e-07,2.474367,1.880863,9.61715593e-24,0.010079,1.880863
6.31325164e-07,0.996630,3.388569,1.03982914e-23,0.001029,3.388569
8.18076648e-07,1.958814,3.786127,9.43489156e-24,-0.004696,3.786127
9.01457401e-07,0.416690,0.013085,1.02364282e-23,0.015657,0.013085
5.61433305e-07,1.908698,0.825941,9.75042425e-24,-0.003152,0.825941
5.75475214e-07,0.665851,3.149149,1.02229157e-23,0.005093,3.149149
9.42853809e-07,1.852307,1.414618,9.28777564e-24,-0.012266,1.414618
2.60120486e-07,1.996077,5.593404,9.92944545e-24,-0.000511,5.593404
7.24203694e-07,1.500797,2.294659,1.01270694e-23,-0.009540,2.294659
5.13185032e-07,1.035210,0.233531,1.02901711e-23,0.000175,0.233531
7.56551583e-07,2.698716,4.863206,9.86101547e-24,0.010168,4.863206
8.12592619e-07,2.160742,1.875252,9.40864907e-24,0.002183,1.875252
6.49238437e-07,1.409614,2.683201,1.02138710e-23,-0.007002,2.683201
9.40059502e-07,0.343068,2.562437,1.01922380e-23,0.018534,2.562437
8.99388787e-07,0.527843,5.751254,1.03553452e-23,0.014674,5.751254
4.64895979e-07,0.492218,5.779491,1.01043313e-23,0.004286,5.779491
8.07164978e-07,2.037323,5.446425,9.41582298e-24,-0.001919,5.446425
6.95273627e-07,2.208322,0.806284,9.58697664e-24,0.002667,0.806284
9.43927953e-07,0.666154,5.945489,1.06182649e-23,0.015013,5.945489
9.74858646e-07,0.581521,1.407401,1.05854896e-23,0.019868,1.407401
7.69087051e-07,2.364355,5.164835,9.58725422e-24,0.006830,5.164835
9.58072724e-07,2.120513,3.538979,8.99234138e-24,0.001449,3.538979
9.72206084e-07,1.978880,5.833367,8.95572650e-24,-0.007137,5.833367
8.75115036e-07,1.032614,4.849227,1.07659763e-23,0.000588,4.849227
9.07932905e-07,1.738937,1.333094,9.60258541e-24,-0.014370,1.333094
7.26061975e-07,1.670276,5.833865,9.86924187e-24,-0.009349,5.833865
6.24723321e-07,0.948039,3.139658,1.03821472e-23,0.001934,3.139658
5.23786744e-07,1.462158,1.687539,1.01135552e-23,-0.005250,1.687539
9.60902680e-07,2.806265,5.283172,9.83809857e-24,0.020573,5.283172
8.50373748e-07,1.573627,0.619844,1.00141666e-23,-0.013815,0.619844
6.21928685e-07,0.345732,0.611151,1.00890182e-23,0.007291,0.611151
5.87306140e-07,2.293095,1.814031,9.72547513e-24,0.003262,1.814031
5.24148659e-07,2.162805,1.904002,9.74556240e-24,0.001011,1.904002
9.30307154e-07,2.039694,3.768369,9.12450072e-24,-0.002722,3.768369
8.57570605e-07,1.127163,4.928884,1.07100716e-23,-0.003113,4.928884
8.37821250e-07,1.574906,4.788255,1.00117060e-23,-0.013318,4.788255
7.67036608e-07,1.278545,5.523789,1.04520422e-23,-0.006766,5.523789
6.71330500e-07,0.656165,4.023341,1.02785311e-23,0.006746,4.023341
8.72661122e-07,0.897638,0.303401,1.07058462e-23,0.005590,0.303401
8.31370202e-07,1.190742,3.117777,1.06223146e-23,-0.005156,3.117777
9.69659486e-07,1.027332,3.396534,1.11225916e-23,0.001183,3.396534
8.68073350e-07,0.726908,2.176830,1.05410344e-23,0.010214,2.176830
7.97587660e-07,1.547662,5.918878,1.00636114e-23,-0.011868,5.918878
9.83298174e-07,1.191334,0.723127,1.11492119e-23,-0.009715,0.723127
7.77264794e-07,1.497277,1.266977,1.01493655e-23,-0.010963,1.266977
6.89549210e-07,1.137322,3.148180,1.04529053e-23,-0.002216,3.148180
3.78989799e-07,0.929817,1.065531,1.01800734e-23,0.001014,1.065531
3.83408495e-07,0.948348,4.809835,1.01852063e-23,0.000878,4.809835
5.45416905e-07,2.912569,6.266976,9.99589368e-24,0.005930,6.266976
8.96230298e-07,2.156988,5.369574,9.23217315e-24,0.002654,5.369574
7.90312995e-07,1.513156,1.074380,1.01255267e-23,-0.011475,1.074380
7.68468198e-07,1.474463,1.797915,1.01843031e-23,-0.010500,1.797915
9.93348569e-07,1.053308,4.780286,1.14231458e-23,-0.000466,4.780286
6.85841300e-07,0.300165,3.889299,1.00822327e-23,0.008739,3.889299
6.74460081e-07,0.246093,1.187082,1.00608589e-23,0.008523,1.187082
6.34020415e-07,1.091452,5.783251,1.04017781e-23,-0.000933,5.783251
8.64917698e-07,1.049723,5.962589,1.07433566e-23,-0.000099,5.962589
7.27051462e-07,1.826624,1.262638,9.66807086e-24,-0.006897,1.262638
8.36155319e-07,1.705668,1.950227,9.74805123e-24,-0.012090,1.950227
9.30522040e-07,0.503361,3.312584,1.03648470e-23,0.016745,3.312584
4.55071512e-07,2.983838,4.886816,1.00116279e-23,0.004446,4.886816
9.25910219e-07,2.258308,0.959842,9.20845217e-24,0.007293,0.959842
9.67389650e-07,1.599974,2.098988,9.92075714e-24,-0.021622,2.098988
6.95204571e-07,1.729164,4.327205,9.80476479e-24,-0.007961,4.327205
9.41122847e-07,1.974698,4.403500,9.12461737e-24,-0.006246,4.403500
6.18807344e-07,1.122695,5.130200,1.03807197e-23,-0.001531,5.130200
9.92889041e-07,0.164829,1.865359,1.00795363e-23,0.027740,1.865359
7.81144249e-07,2.734077,0.037229,9.87525357e-24,0.011005,0.037229
5.55879946e-07,1.226956,4.705194,1.02885097e-23,-0.003006,4.705194
8.39282849e-07,1.200486,0.481060,1.06283659e-23,-0.005622,0.481060
9.26692324e-07,0.966708,1.626347,1.08930824e-23,0.003780,1.626347
7.42871488e-07,1.978412,0.119499,9.53268834e-24,-0.003284,0.119499
7.72846023e-07,1.251604,5.382441,1.04851586e-23,-0.006145,5.382441
6.11748771e-07,0.117999,6.066742,1.00282138e-23,0.007209,6.066742
6.80952327e-07,2.107086,0.113634,9.58412746e-24,0.000300,0.113634
8.07400105e-07,2.287513,3.298490,9.48075009e-24,0.005785,3.298490
5.60476992e-07,0.802327,1.018684,1.02754090e-23,0.003579,1.018684
5.85949155e-07,0.861076,3.356923,1.03187454e-23,0.003073,3.356923
3.61987054e-07,2.416424,1.785768,9.90932004e-24,0.002193,1.785768
8.61902961e-07,1.299093,2.312061,1.05553121e-23,-0.009511,2.312061
8.30852274e-07,1.952265,3.775260,9.41815849e-24,-0.005099,3.775260
8.27680930e-07,2.254589,3.316276,9.42680732e-24,0.005203,3.316276
7.13323060e-07,2.043603,4.537410,9.54919531e-24,-0.001327,4.537410
7.75949435e-07,2.633766,2.678916,9.80322145e-24,0.010351,2.678916
9.17606342e-07,1.452146,2.125606,1.03336571e-23,-0.016035,2.125606
9.98250742e-07,2.080541,0.171922,8.39774384e-24,-0.001226,0.171922
9.99654154e-07,1.983986,1.657086,8.25117166e-24,-0.011286,1.657086
4.20952296e-07,1.757831,5.913000,9.91152307e-24,-0.003285,5.913000
7.97645794e-07,2.162144,1.352549,9.43372625e-24,0.002138,1.352549
9.97131351e-07,0.681456,0.818989,1.10179558e-23,0.023561,0.818989
3.31407090e-07,1.129008,5.554748,1.01532360e-23,-0.000614,5.554748
7.19533431e-07,1.763188,4.927318,9.74692409e-24,-0.007964,4.927318
8.52454026e-07,1.538628,2.485654,1.00905733e-23,-0.013830,2.485654
3.86228411e-07,1.041881,6.125378,1.01929037e-23,0.000050,6.125378
7.31983996e-07,2.282852,4.592646,9.57729342e-24,0.004625,4.592646
6.91616040e-07,1.032315,5.539401,1.04690335e-23,0.000361,5.539401
7.45806526e-07,1.429946,5.811830,1.02417307e-23,-0.009362,5.811830
9.01048410e-07,1.762845,1.392690,9.56177052e-24,-0.013388,1.392690
9.36185246e-07,1.478688,3.409805,1.02849338e-23,-0.017766,3.409805
9.12156113e-07,0.789131,1.016115,1.06970174e-23,0.010105,1.016115
6.20693755e-07,0.118631,2.651816,1.00285000e-23,0.007391,2.651816
8.60108104e-07,1.962868,5.164955,9.35606698e-24,-0.005148,5.164955
9.36653939e-07,2.316663,2.623011,9.23252565e-24,0.009883,2.623011
5.75131906e-07,1.531899,3.625274,1.00599865e-23,-0.006448,3.625274
5.06392777e-07,2.288200,4.087063,9.78773338e-24,0.002504,4.087063
8.79661051e-07,2.194896,3.422901,9.28971702e-24,0.003958,3.422901
8.29637149e-07,1.588638,3.061450,9.98380543e-24,-0.012990,3.061450
8.08156521e-07,0.880442,2.874657,1.05782761e-23,0.005105,2.874657
8.47176655e-07,0.493310,4.910070,1.02712014e-23,0.012737,4.910070
8.36016718e-07,0.551581,5.388344,1.03185453e-23,0.011838,5.388344
3.29677372e-07,1.578383,4.405661,1.00170964e-23,-0.002701,4.405661
6.34990982e-07,0.728026,3.383679,1.02957833e-23,0.005378,3.383679
9.74175033e-07,0.560919,1.278094,1.05476590e-23,0.020149,1.278094
6.90643637e-07,2.470238,5.117251,9.73805490e-24,0.006941,5.117251
8.59772882e-07,1.621921,2.432680,9.90652906e-24,-0.014026,2.432680
8.54212137e-07,1.559163,4.404919,1.00459017e-23,-0.013964,4.404919
7.47513582e-07,1.966009,1.860196,9.53291947e-24,-0.003676,1.860196
5.95764656e-07,1.598444,4.629224,9.99036645e-24,-0.006867,4.629224
8.87401006e-07,1.977272,1.893489,9.28569748e-24,-0.005001,1.893489
6.90508862e-07,1.049856,3.327471,1.04680613e-23,-0.000065,3.327471
4.58554365e-07,2.017975,4.060001,9.79977300e-24,-0.000949,4.060001
2.48159085e-07,1.749196,1.665343,9.97380398e-24,-0.001489,1.665343
7.10028755e-07,1.871686,5.400162,9.64193970e-24,-0.005620,5.400162
7.79782101e-07,2.437766,1.606442,9.63456076e-24,0.008323,1.606442
8.58038845e-07,0.685547,2.723953,1.04817969e-23,0.010721,2.723953
9.40275972e-07,1.388957,0.131481,1.05289096e-23,-0.015903,0.131481
4.06619805e-07,2.034693,2.255493,9.83594339e-24,-0.000613,2.255493
3.91239887e-07,1.637192,4.301356,9.98388705e-24,-0.003438,4.301356
5.90036155e-07,1.651582,4.820049,9.93510577e-24,-0.006565,4.820049
9.99620530e-07,1.620450,5.278056,9.73384348e-24,-0.036373,5.278056
4.34316601e-07,1.349853,1.687625,1.01519389e-23,-0.003193,1.687625
9.41647052e-07,1.150200,0.801798,1.09321557e-23,-0.005393,0.801798
8.05987314e-07,2.439959,5.016197,9.60799447e-24,0.008976,5.016197
3.65388105e-07,1.980741,4.870141,9.86984707e-24,-0.000991,4.870141
4.76622677e-07,1.066231,2.147073,1.02598527e-23,-0.000249,2.147073
8.49229273e-07,2.749691,5.803297,9.85756232e-24,0.013380,5.803297
6.79428435e-07,1.428294,5.172274,1.02078902e-23,-0.007827,5.172274
9.98113190e-07,2.805020,4.715443,9.73764470e-24,0.031676,4.715443
8.76932582e-07,0.689380,4.446852,1.05137418e-23,0.011288,4.446852
7.02384805e-07,1.494512,4.441842,1.01299168e-23,-0.008961,4.441842
7.32734753e-07,1.040991,4.574752,1.05212136e-23,0.000169,4.574752
7.03284668e-07,2.402505,1.972605,9.68170802e-24,0.006310,1.972605
5.20395493e-07,1.306099,0.473585,1.02225864e-23,-0.003753,0.473585
9.46241499e-07,2.141401,6.151252,9.05681757e-24,0.002438,6.151252
4.35882762e-07,1.513040,5.696405,1.00578935e-23,-0.004090,5.696405
7.70402594e-07,1.785241,5.211111,9.67699500e-24,-0.008675,5.211111
3.59626502e-07,0.982040,1.113761,1.01726207e-23,0.000534,1.113761
6.25872736e-07,1.834046,4.477375,9.74622350e-24,-0.005130,4.477375
7.93094689e-07,0.964758,0.870596,1.05952210e-23,0.002550,0.870596
8.55899948e-07,1.259316,5.789842,1.05978573e-23,-0.008022,5.789842
8.99492513e-07,1.806683,1.167793,9.47882572e-24,-0.011975,1.167793
7.97275670e-07,2.124400,0.315207,9.42658263e-24,0.000961,0.315207
7.51160826e-07,0.707663,2.941036,1.03806175e-23,0.007652,2.941036
9.00176083e-07,0.814561,6.165918,1.06957476e-23,0.008928,6.165918
4.45610699e-07,2.413594,1.794984,9.86615999e-24,0.003010,1.794984
9.55082515e-07,1.182842,2.299077,1.09614492e-23,-0.007554,2.299077
8.09915047e-07,2.237236,2.630057,9.44557967e-24,0.004467,2.630057
9.00292154e-07,0.315072,5.018155,1.01451537e-23,0.015983,5.018155
8.90216583e-07,2.136439,5.289279,9.24192715e-24,0.001763,5.289279
9.87107737e-07,1.792991,4.850353,9.20303277e-24,-0.019672,4.850353
6.60181321e-07,1.265934,3.632016,1.03543457e-23,-0.004839,3.632016
8.76497907e-07,1.402707,0.880189,1.03963568e-23,-0.012940,0.880189
9.19934490e-07,2.666123,2.020963,9.72327271e-24,0.016320,2.020963
7.01324280e-07,2.961153,2.022180,9.99682697e-24,0.009186,2.022180
7.80566975e-07,2.068811,0.309102,9.45246575e-24,-0.000796,0.309102
9.93315108e-07,1.781180,2.728931,9.16500913e-24,-0.022176,2.728931
7.65765508e-07,1.820600,1.730226,9.63690151e-24,-0.007788,1.730226
7.00953951e-07,2.250533,2.407520,9.59698516e-24,0.003612,2.407520
7.19759278e-07,1.074232,3.869598,1.05029894e-23,-0.000715,3.869598
6.44733698e-07,2.663494,1.555507,9.88377662e-24,0.007414,1.555507
8.77278932e-07,2.075754,1.348654,9.26995723e-24,-0.000764,1.348654
9.40482980e-07,2.300962,5.834258,9.20145350e-24,0.009459,5.834258
8.27080771e-07,1.484803,1.624280,1.01928240e-23,-0.012449,1.624280
9.88982299e-07,2.056681,1.806482,8.71690535e-24,-0.002708,1.806482
7.31570973e-07,1.141834,0.424900,1.05024200e-23,-0.002602,0.424900
9.45158299e-07,1.800663,1.858550,9.38618926e-24,-0.014554,1.858550
8.91089667e-07,2.987198,2.069055,9.99096915e-24,0.015670,2.069055
7.31031584e-07,0.929906,4.769244,1.04956176e-23,0.003014,4.769244
8.79862625e-07,1.755360,5.571156,9.60737523e-24,-0.012676,5.571156
9.61095633e-07,2.389557,1.646093,9.23495076e-24,0.013846,1.646093
8.14807755e-07,1.614554,2.916362,9.93467161e-24,-0.012361,2.916362
9.92823188e-07,1.565284,0.456652,1.00443806e-23,-0.027728,0.456652
7.66336838e-07,0.570450,2.197532,1.02817632e-23,0.009610,2.197532
7.77532564e-07,1.541897,1.746232,1.00715064e-23,-0.011223,1.746232
7.37682524e-07,0.800502,3.811567,1.04343689e-23,0.005861,3.811567
6.87694329e-07,2.612158,4.279895,9.83502260e-24,0.008062,4.279895
9.31562042e-07,0.973124,4.556692,1.09135094e-23,0.003559,4.556692
9.31945702e-07,2.524803,3.797945,9.52124795e-24,0.015242,3.797945
9.24213101e-07,1.721943,0.073005,9.61740194e-24,-0.015714,0.073005
5.31590667e-07,2.130944,1.575177,9.73583606e-24,0.000560,1.575177
6.70547087e-07,1.906871,0.578943,9.65514525e-24,-0.004317,0.578943
6.15917378e-07,2.856680,5.797026,9.97415355e-24,0.007237,5.797026
9.45312297e-07,0.852255,1.495776,1.08702253e-23,0.009207,1.495776
8.28746712e-07,1.064168,4.256247,1.06698292e-23,-0.000602,4.256247
7.75754763e-07,0.909062,3.303653,1.05462840e-23,0.003947,3.303653
8.64950909e-07,1.704066,3.708579,9.72715005e-24,-0.013194,3.708579
8.26186791e-07,1.045441,3.093815,1.06658208e-23,0.000062,3.093815
9.72851294e-07,1.240901,4.621672,1.09802575e-23,-0.011829,4.621672
8.21231800e-07,2.213566,0.592114,9.41456419e-24,0.003904,0.592114
6.60976387e-07,0.918030,3.150797,1.04106189e-23,0.002733,3.150797
8.10002829e-07,0.951710,5.361198,1.06177227e-23,0.003073,5.361198
6.23894821e-07,1.849336,1.865782,9.73618566e-24,-0.004845,1.865782
8.47809800e-07,2.347018,3.922450,9.46529437e-24,0.008080,3.922450
8.77689750e-07,0.687098,5.597354,1.05123369e-23,0.011359,5.597354
5.63989328e-07,0.967371,2.749274,1.03283257e-23,0.001323,2.749274
9.40429753e-07,1.657688,1.261031,9.76562387e-24,-0.018182,1.261031
5.49606011e-07,0.990200,1.346940,1.03187157e-23,0.000915,1.346940
8.17834447e-07,2.453011,0.895930,9.60655278e-24,0.009496,0.895930
7.90371934e-07,1.064532,1.785357,1.06042443e-23,-0.000553,1.785357
3.29462074e-07,2.723370,2.043194,9.98415708e-24,0.002600,2.043194
7.35461951e-07,1.855747,3.492915,9.63039746e-24,-0.006393,3.492915
6.22069140e-07,2.221685,0.217329,9.66888364e-24,0.002424,0.217329
9.15238978e-07,1.191431,4.347201,1.08051219e-23,-0.006759,4.347201
9.01914410e-07,1.819353,4.301406,9.45132565e-24,-0.011646,4.301406
7.55504641e-07,2.679429,2.033784,9.84805924e-24,0.010052,2.033784
6.94449366e-07,1.713286,4.081917,9.82508514e-24,-0.008147,4.081917
8.02646668e-07,0.296808,0.170196,1.01031026e-23,0.011952,0.170196
9.68380227e-07,1.889984,4.816382,9.10762222e-24,-0.012065,4.816382
7.01226028e-07,2.362622,5.489898,9.65773147e-24,0.005674,5.489898
6.73553015e-07,0.456053,2.643593,1.01553543e-23,0.008104,2.643593
7.39441898e-07,1.517918,2.044179,1.01046110e-23,-0.010039,2.044179
6.95466047e-07,0.882643,2.773281,1.04337711e-23,0.003730,2.773281
5.78260950e-07,1.549610,5.937020,1.00421650e-23,-0.006541,5.937020
8.51798771e-07,1.966436,1.857434,9.36978563e-24,-0.004888,1.857434
9.59298290e-07,0.420759,5.478912,1.03010498e-23,0.019934,5.478912
7.68690487e-07,0.799392,2.456068,1.04692665e-23,0.006388,2.456068
6.66371710e-07,0.512631,4.697967,1.01852325e-23,0.007703,4.697967
6.59626940e-07,1.002527,0.763609,1.04294672e-23,0.000984,0.763609
7.32034905e-07,0.504584,3.202457,1.02111309e-23,0.009225,3.202457
4.73642957e-07,2.480094,1.588986,9.87422375e-24,0.003737,1.588986
7.76807037e-07,0.593497,3.340005,1.03087108e-23,0.009663,3.340005
6.43767140e-07,2.473300,4.576244,9.77341400e-24,0.006147,4.576244
9.02697979e-07,1.394200,5.388302,1.04487915e-23,-0.013889,5.388302
6.52836549e-07,2.195129,3.926692,9.62992518e-24,0.002120,3.926692
4.36985098e-07,1.175445,4.280344,1.02159999e-23,-0.001474,4.280344
9.66224486e-07,2.789085,6.085374,9.81298579e-24,0.021155,6.085374
8.36188225e-07,2.299864,1.108000,9.44461599e-24,0.006611,1.108000
7.06240470e-07,2.015216,3.058846,9.56466996e-24,-0.002035,3.058846
9.92175458e-07,2.755247,3.049717,9.70502550e-24,0.026690,3.049717
9.61304695e-07,2.533462,1.681638,9.46017539e-24,0.017705,1.681638
9.14546024e-07,2.678382,6.164071,9.74320619e-24,0.016093,6.164071
9.03651925e-07,0.303852,4.971746,1.01379108e-23,0.016196,4.971746
9.67251642e-07,1.302071,5.031643,1.08253970e-23,-0.014575,5.031643
9.74133864e-07,0.834125,4.164519,1.09969974e-23,0.011680,4.164519
9.17839792e-07,1.672733,4.668967,9.74908332e-24,-0.016354,4.668967
7.10535089e-07,2.388008,3.897197,9.66531521e-24,0.006217,3.897197
5.10595356e-07,1.515790,1.343293,1.00663463e-23,-0.005266,1.343293
8.15025902e-07,1.361733,4.598459,1.03999275e-23,-0.009925,4.598459
8.96792219e-07,2.165166,2.220149,9.23369598e-24,0.002994,2.220149
7.22243893e-07,1.906099,3.551755,9.60170636e-24,-0.004975,3.551755
4.60276266e-07,2.213969,4.496035,9.80441862e-24,0.001396,4.496035
5.83793404e-07,1.819248,1.672761,9.78739487e-24,-0.004770,1.672761
8.45323391e-07,0.901419,6.230157,1.06540266e-23,0.005031,6.230157
8.43419472e-07,3.081569,5.219809,1.00164846e-23,0.013537,5.219809
4.18934752e-07,2.112651,5.710528,9.82475652e-24,0.000193,5.710528
7.43631081e-07,2.196128,1.744164,9.52307455e-24,0.002727,1.744164
5.37255258e-07,2.156470,6.255713,9.73345425e-24,0.000958,6.255713
9.64733409e-07,2.641521,1.078118,9.61867619e-24,0.019801,1.078118
5.54680068e-07,1.905209,4.233475,9.75738437e-24,-0.003144,4.233475
8.70959609e-07,1.746473,3.702069,9.63588366e-24,-0.012541,3.702069
8.93064348e-07,1.144510,4.916645,1.07821245e-23,-0.004237,4.916645
9.11375783e-07,0.698195,2.234185,1.05855282e-23,0.012477,2.234185
9.90571936e-07,2.245703,6.164493,8.78234473e-24,0.010219,6.164493
9.86385296e-07,2.470245,4.042585,9.22013913e-24,0.019679,4.042585
9.48832017e-07,0.927853,4.284758,1.09558507e-23,0.006038,4.284758
9.13609426e-07,1.548627,2.549594,1.00794440e-23,-0.016917,2.549594
9.68460037e-07,0.955013,6.145204,1.10832252e-23,0.005277,6.145204
8.56004745e-07,1.647621,4.204395,9.85225308e-24,-0.013642,4.204395
9.70458569e-07,1.856420,5.090823,9.16136795e-24,-0.014024,5.090823
5.17019371e-07,1.087998,3.869038,1.02918601e-23,-0.000611,3.869038
9.86084825e-07,2.627626,5.805994,9.52064765e-24,0.023207,5.805994
8.82060344e-07,1.396858,4.516145,1.04149542e-23,-0.013031,4.516145
9.10265470e-07,0.152025,2.891438,1.00507285e-23,0.016742,2.891438
4.25140971e-07,1.582867,5.995903,1.00127266e-23,-0.003996,5.995903
9.14945716e-07,1.627987,6.124993,9.86782365e-24,-0.016768,6.124993
8.28818504e-07,2.224427,4.489680,9.40710707e-24,0.004323,4.489680
8.71687390e-07,1.491237,5.231474,1.02027470e-23,-0.014279,5.231474
7.04941128e-07,2.502637,1.982936,9.75004682e-24,0.007560,1.982936
9.62321089e-07,1.016888,5.032866,1.10720203e-23,0.001719,5.032866
7.56891471e-07,2.305378,0.614988,9.56073117e-24,0.005436,0.614988
7.58984500e-07,1.755161,5.138739,9.72774957e-24,-0.008993,5.138739
7.33017771e-07,2.873816,2.528576,9.96430873e-24,0.009944,2.528576
9.69540612e-07,1.043940,4.771563,1.11232794e-23,0.000195,4.771563
7.45749549e-07,1.942605,6.259730,9.54881782e-24,-0.004310,6.259730
5.14954516e-07,0.602276,0.231113,1.01628701e-23,0.004612,0.231113
5.31799681e-07,1.913630,5.392164,9.77133562e-24,-0.002811,5.392164
7.91244622e-07,1.450097,5.864930,1.02367260e-23,-0.010869,5.864930
8.16606610e-07,2.259984,2.155816,9.44837549e-24,0.005194,2.155816
5.20919967e-07,2.015353,5.829152,9.75036865e-24,-0.001203,5.829152
8.64761982e-07,2.836119,5.266053,9.91558065e-24,0.014273,5.266053
6.63752282e-07,1.311646,3.360888,1.03207289e-23,-0.005765,3.360888
1.93634932e-07,1.832050,4.857164,9.97645755e-24,-0.000831,4.857164
9.35587425e-07,2.183069,4.124933,9.11947743e-24,0.004301,4.124933
4.82083746e-07,1.845657,4.248350,9.83639725e-24,-0.003208,4.248350
2.77035107e-07,2.988373,1.526289,1.00164999e-23,0.002072,1.526289
5.40918302e-07,0.766933,4.922671,1.02469080e-23,0.003742,4.922671
7.86239152e-07,2.225610,4.720166,9.47583394e-24,0.003875,4.720166
9.09624409e-07,0.958756,1.113606,1.08348986e-23,0.003878,1.113606
9.20049537e-07,2.382368,0.620554,9.35918831e-24,0.011297,0.620554
8.65590083e-07,2.242250,3.697895,9.34845798e-24,0.005413,3.697895
9.54723991e-07,1.252565,2.910483,1.08628645e-23,-0.011207,2.910483
9.20822476e-07,1.025748,1.333857,1.08917364e-23,0.001010,1.333857
8.07481777e-07,0.926549,0.029341,1.06026165e-23,0.003800,0.029341
8.40417439e-07,0.992698,2.511593,1.06855096e-23,0.001951,2.511593
5.10894148e-07,2.356952,5.326527,9.80731002e-24,0.003248,5.326527
5.13709418e-07,1.472761,5.641190,1.01021756e-23,-0.005145,5.641190
4.83967067e-07,0.615440,2.037800,1.01542704e-23,0.004113,2.037800
7.39318877e-07,0.423615,2.267788,1.01600762e-23,0.009786,2.267788
8.93405189e-07,0.568625,3.981906,1.03959687e-23,0.013911,3.981906
5.25705459e-07,0.304078,4.196621,1.00606435e-23,0.005545,4.196621
6.20348915e-07,0.717720,4.841078,1.02792553e-23,0.005277,4.841078
7.94936243e-07,0.529302,3.693187,1.02670094e-23,0.010739,3.693187
5.08226870e-07,2.270276,2.484755,9.78119605e-24,0.002316,2.484755
9.62846933e-07,0.321685,2.711199,1.01901521e-23,0.020852,2.711199
7.99904873e-07,0.738576,4.408088,1.04584348e-23,0.008182,4.408088
6.76312324e-07,0.837573,2.740284,1.03918534e-23,0.004363,2.740284
7.54703023e-07,0.881748,2.074415,1.05038263e-23,0.004387,2.074415
7.89461549e-07,2.472191,2.638856,9.65456881e-24,0.009065,2.638856
4.25081384e-07,0.315776,1.647797,1.00513110e-23,0.003950,1.647797
5.80476194e-07,2.166529,5.728269,9.69584012e-24,0.001259,5.728269
8.70430295e-07,0.759898,0.498976,1.05796747e-23,0.009530,0.498976
5.15092264e-07,0.959493,4.641264,1.02846420e-23,0.001248,4.641264
8.89870560e-07,1.847630,0.228179,9.42801396e-24,-0.010206,0.228179
9.31295838e-07,2.457980,5.053024,9.43008716e-24,0.013819,5.053024
7.89575657e-07,2.081966,0.574711,9.43734283e-24,-0.000395,0.574711
5.98489723e-07,1.376413,5.593553,1.02187950e-23,-0.005706,5.593553
6.69613785e-07,1.066840,1.238258,1.04430746e-23,-0.000454,1.238258
8.48945753e-07,1.433854,2.873518,1.03069532e-23,-0.012512,2.873518
8.82318340e-07,2.061054,6.087251,9.26001970e-24,-0.001393,6.087251
4.77805607e-07,0.832211,4.784070,1.02263315e-23,0.002489,4.784070
7.00331031e-07,1.670850,4.984263,9.87844295e-24,-0.008726,4.984263
9.42052930e-07,2.048597,4.552594,9.07514699e-24,-0.002394,4.552594
9.30478917e-07,1.774821,2.060224,9.48132871e-24,-0.014554,2.060224
9.73748813e-07,2.026556,4.332465,8.90494120e-24,-0.004236,4.332465
7.12960951e-07,2.025784,1.565133,9.55356097e-24,-0.001794,1.565133
5.20312724e-07,1.907931,5.539412,9.78234132e-24,-0.002793,5.539412
8.80873457e-07,1.509043,2.002314,1.01667445e-23,-0.014884,2.002314
7.45863030e-07,2.496378,0.363210,9.71405138e-24,0.008357,0.363210
8.97903208e-07,1.160180,0.867969,1.07841640e-23,-0.004997,0.867969
7.29616640e-07,1.244493,1.251707,1.04402649e-23,-0.005299,1.251707
6.55326903e-07,2.020080,1.132524,9.62163013e-24,-0.001666,1.132524
7.62094460e-07,2.738356,5.431152,9.88526997e-24,0.010471,5.431152
6.88751350e-07,0.820957,4.096926,1.03954549e-23,0.004802,4.096926
5.78987598e-07,1.519800,0.711490,1.00728053e-23,-0.006485,0.711490
8.56803412e-07,3.020946,1.681433,1.00042116e-23,0.014078,1.681433
8.12858116e-07,1.953370,4.540278,9.44709676e-24,-0.004810,4.540278
5.04221744e-07,0.533571,4.462606,1.01313174e-23,0.004746,4.462606
6.03114945e-07,0.623934,4.617106,1.02170652e-23,0.005841,4.617106
7.11791834e-07,1.269572,2.190796,1.04007653e-23,-0.005639,2.190796
6.97948540e-07,0.554883,0.977099,1.02277188e-23,0.008122,0.977099
9.79347796e-07,0.792448,4.135419,1.09752298e-23,0.014041,4.135419
9.97606943e-07,1.160547,2.014369,1.15161187e-23,-0.009821,2.014369
6.81699880e-07,2.344821,2.492262,9.66572594e-24,0.005109,2.492262
5.64320682e-07,1.851958,0.731939,9.77893647e-24,-0.004051,0.731939
9.68439814e-07,0.753417,2.274274,1.08432676e-23,0.014422,2.274274
9.87799299e-07,2.270585,0.668497,8.85928622e-24,0.011268,0.668497
7.93546978e-07,0.942133,1.098229,1.05875529e-23,0.003215,1.098229
6.11574427e-07,0.241648,5.222505,1.00532372e-23,0.007177,5.222505
7.57282539e-07,2.506092,1.799628,9.71251036e-24,0.008729,1.799628
7.70698267e-07,1.365909,5.889808,1.03510001e-23,-0.008880,5.889808
2.14859938e-07,0.306727,5.951125,1.00306571e-23,0.001397,5.951125
9.48231568e-07,2.427631,2.825290,9.33976179e-24,0.014085,2.825290
8.44058975e-07,2.074295,3.983270,9.34187130e-24,-0.000746,3.983270
5.36451532e-07,2.003510,3.604549,9.73944496e-24,-0.001452,3.604549
8.98046265e-07,0.659889,4.397687,1.05131155e-23,0.012685,4.397687
7.56475313e-07,1.463435,1.897098,1.01965878e-23,-0.010053,1.897098
3.64360470e-07,1.309525,1.872691,1.01347548e-23,-0.002168,1.872691
9.30384953e-07,2.284840,5.508836,9.21910712e-24,0.008460,5.508836
5.34801875e-07,1.661758,1.632082,9.93905224e-24,-0.005529,1.632082
9.53332561e-07,1.395545,4.599907,1.05438619e-23,-0.017130,4.599907
7.30442619e-07,2.297735,3.228695,9.58748960e-24,0.004913,3.228695
3.23406285e-07,1.126177,5.917443,1.01486011e-23,-0.000571,5.917443
7.81364950e-07,1.286642,4.658505,1.04602818e-23,-0.007248,4.658505
9.95580607e-07,1.850371,6.100469,8.89666559e-24,-0.019040,6.100469
9.69992056e-07,2.694405,5.288435,9.68397411e-24,0.021036,5.288435
2.70841298e-07,2.387201,3.928545,9.94476049e-24,0.001319,3.928545
8.52500709e-07,0.732026,5.259548,1.05223224e-23,0.009638,5.259548
7.42996575e-07,1.155652,6.071164,1.05115706e-23,-0.003073,6.071164
8.77326108e-07,1.602557,5.093991,9.94548039e-24,-0.014924,5.093991
5.90330257e-07,1.861013,0.240380,9.75416802e-24,-0.004224,0.240380
9.08526411e-07,1.180116,3.547465,1.07966766e-23,-0.006089,3.547465
7.13774391e-07,3.024088,1.070452,1.00100028e-23,0.009506,1.070452
9.49029349e-07,0.682798,5.507883,1.06575752e-23,0.014969,5.507883
9.03156412e-07,1.565914,2.966688,1.00328748e-23,-0.016335,2.966688
8.22068013e-07,1.993830,4.500138,9.40731175e-24,-0.003533,4.500138
9.88824441e-07,1.073382,2.358998,1.13247148e-23,-0.001872,2.358998
8.04468914e-07,0.695596,0.872698,1.04254344e-23,0.009037,0.872698
8.95048639e-07,1.371696,3.987697,1.04837723e-23,-0.012920,3.987697
9.52736378e-07,2.437205,2.333914,9.33883012e-24,0.014669,2.333914
4.25086002e-07,1.338476,4.609624,1.01528997e-23,-0.002997,4.609624
9.09640485e-07,2.260725,4.611557,9.25865233e-24,0.006950,4.611557
6.45496062e-07,2.355435,4.702166,9.70435890e-24,0.004784,4.702166
9.37642014e-07,2.714416,4.626786,9.76001556e-24,0.017912,4.626786
8.62332258e-07,0.809559,4.476392,1.06138885e-23,0.008041,4.476392
7.23907484e-07,2.410295,5.535483,9.66816302e-24,0.006782,5.535483
6.84636436e-07,2.353778,5.690141,9.66816765e-24,0.005291,5.690141
7.43407752e-07,1.342550,5.065859,1.03565917e-23,-0.007795,5.065859
6.25658520e-07,1.679006,2.673684,9.89533521e-24,-0.007068,2.673684
2.80648008e-07,1.734390,0.571929,9.96845602e-24,-0.001844,0.571929
9.65994841e-07,0.803026,2.925163,1.09035926e-23,0.012352,2.925163
7.32700669e-07,1.917443,2.873928,9.58155707e-24,-0.004824,2.873928
6.56852050e-07,1.153273,0.692145,1.04114481e-23,-0.002388,0.692145
6.15841113e-07,0.898354,1.419843,1.03588556e-23,0.002747,1.419843
8.83456704e-07,0.762972,2.656779,1.06064714e-23,0.009852,2.656779
4.41661373e-07,2.350056,1.258496,9.84935568e-24,0.002525,1.258496
7.94091442e-07,2.526423,0.909171,9.69870989e-24,0.009885,0.909171
6.07800098e-07,0.809135,2.395824,1.03157582e-23,0.004011,2.395824
6.66233246e-07,1.708293,5.883941,9.84520607e-24,-0.007609,5.883941
5.52682122e-07,1.298024,4.932851,1.02484881e-23,-0.004030,4.932851
8.32358632e-07,1.625888,6.098170,9.90724785e-24,-0.012916,6.098170
6.42217289e-07,2.247209,6.075740,9.65766920e-24,0.003025,6.075740
7.49110535e-07,2.338670,2.591765,9.59184940e-24,0.005995,2.591765
5.13643307e-07,0.242229,0.533006,1.00450856e-23,0.005374,0.533006
7.82816153e-07,1.564707,2.264764,1.00312777e-23,-0.011429,2.264764
9.63591307e-07,0.251149,5.475551,1.01249254e-23,0.021115,5.475551
9.50784620e-07,2.713851,3.648996,9.74310850e-24,0.019024,3.648996
7.29700755e-07,0.778488,2.786814,1.04110851e-23,0.006128,2.786814
8.19571224e-07,1.559996,4.443951,1.00418160e-23,-0.012639,4.443951
8.70618316e-07,0.527970,5.047041,1.03255907e-23,0.013363,5.047041
9.14706565e-07,2.614822,2.058084,9.66789315e-24,0.015506,2.058084
4.38806622e-07,2.155877,1.613756,9.81263604e-24,0.000687,1.613756
2.42963597e-07,2.112492,5.386932,9.93526512e-24,0.000083,5.386932
9.70236634e-07,0.431329,2.051086,1.03347777e-23,0.021208,2.051086
9.47060893e-07,1.606545,3.997387,9.91107877e-24,-0.019337,3.997387
6.02113778e-07,2.135483,0.596346,9.67084342e-24,0.000773,0.596346
9.61552291e-07,1.339053,4.633759,1.07142832e-23,-0.015743,4.633759
