5.63844066e-07,1.492240,1.983200,1.00971772e-23,-0.006096,1.983200
9.25446526e-07,2.008482,4.011004,9.15695517e-24,-0.004203,4.011004
6.08302061e-07,1.380286,2.794535,1.02208418e-23,-0.005915,2.794535
9.72010473e-07,2.224627,5.782187,8.96300850e-24,0.007465,5.782187
8.65269234e-07,2.563684,1.351447,9.66685646e-24,0.012608,1.351447
9.67184158e-07,1.395796,0.476341,1.05853977e-23,-0.018521,0.476341
9.86793117e-07,0.286468,2.003153,1.01831999e-23,0.025254,2.003153
6.43774858e-07,1.058525,5.703317,1.04148560e-23,-0.000244,5.703317
7.39353734e-07,2.633548,3.920918,9.82328446e-24,0.009386,3.920918
3.78439015e-07,1.356224,0.000047,1.01240456e-23,-0.002619,0.000047
3.56056164e-07,2.067891,2.825620,9.86844625e-24,-0.000221,2.825620
9.96740306e-07,1.857671,2.820036,8.83652174e-24,-0.019180,2.820036
9.81035588e-07,2.028813,0.433374,8.83652365e-24,-0.004341,0.433374
9.75314582e-07,0.950362,3.698524,1.11315472e-23,0.005798,3.698524
9.05149398e-07,2.392314,0.258008,9.40580953e-24,0.010964,0.258008
6.97231274e-07,0.690945,3.663417,1.03210900e-23,0.006837,3.663417
7.81582175e-07,2.619502,1.328546,9.78833210e-24,0.010410,1.328546
9.77060098e-07,1.829560,4.172679,9.18209775e-24,-0.016123,4.172679
3.44916147e-07,1.646453,3.036472,9.98620587e-24,-0.002814,3.036472
7.39956981e-07,1.510398,2.766852,1.01165810e-23,-0.010010,2.766852
6.33871708e-07,0.316893,2.213044,1.00801682e-23,0.007574,2.213044
8.18666347e-07,2.508079,0.787414,9.65847383e-24,0.010342,0.787414
6.71835812e-07,1.264547,1.835234,1.03660485e-23,-0.004964,1.835234
9.88870772e-07,2.253650,2.663041,8.82105062e-24,0.010449,2.663041
4.96174202e-07,2.656108,3.350328,9.92950823e-24,0.004772,3.350328
8.29647122e-07,1.328305,3.613781,1.04667408e-23,-0.009481,3.613781
6.24520796e-07,2.516753,2.905537,9.81092884e-24,0.006194,2.905537
4.42855034e-07,2.170837,4.992727,9.81114213e-24,0.000860,4.992727
9.06504587e-07,0.629343,4.037685,1.04892294e-23,0.013625,4.037685
3.58397319e-07,2.697279,1.504146,9.97412706e-24,0.002928,1.504146
5.69868108e-07,2.508339,2.191620,9.83692861e-24,0.005247,2.191620
6.12098274e-07,1.131048,3.952149,1.03721500e-23,-0.001669,3.952149
7.34892908e-07,2.691715,2.163553,9.86537926e-24,0.009569,2.163553
3.00416321e-07,1.211927,0.710984,1.01251900e-23,-0.001056,0.710984
6.39831244e-07,0.789753,4.874149,1.03333082e-23,0.004660,4.874149
9.60443495e-07,1.308217,4.625797,1.07804384e-23,-0.014285,4.625797
2.34650126e-07,1.853096,2.076372,9.95830006e-24,-0.001034,2.076372
9.63227982e-07,2.009392,3.231583,8.98910664e-24,-0.004964,3.231583
6.61584847e-07,1.220592,1.924050,1.03852901e-23,-0.003913,1.924050
9.00000382e-07,1.870204,3.554005,9.37295629e-24,-0.009704,3.554005
9.65742022e-07,0.703477,5.922878,1.07510245e-23,0.015787,5.922878
7.04369697e-07,0.792704,3.271690,1.03945358e-23,0.005496,3.271690
8.56923276e-07,1.097317,0.909263,1.07193733e-23,-0.001942,0.909263
4.19508030e-07,0.975058,1.562728,1.02129379e-23,0.000747,1.562728
9.96088791e-07,0.927019,2.522907,1.14413943e-23,0.009238,2.522907
3.07503608e-07,1.604223,2.331198,1.00075665e-23,-0.002416,2.331198
7.33337481e-07,1.409249,3.093045,1.02632167e-23,-0.008763,3.093045
8.21759097e-07,0.346599,5.454626,1.01387267e-23,0.012503,5.454626
4.23721958e-07,1.881158,2.708544,9.85711497e-24,-0.002283,2.708544
9.89268641e-07,2.181364,4.422450,8.73964009e-24,0.005995,4.422450
9.05398950e-07,0.664310,4.631482,1.05313625e-23,0.012926,4.631482
5.03293833e-07,1.818053,0.763183,9.83838037e-24,-0.003753,0.763183
6.96561958e-07,2.551144,3.936184,9.78953874e-24,0.007828,3.936184
8.83746563e-07,2.147608,5.997983,9.26107541e-24,0.002174,5.997983
7.29218978e-07,1.040318,0.861036,1.05165427e-23,0.000185,0.861036
6.25692727e-07,2.449173,5.403403,9.77168560e-24,0.005618,5.403403
7.05280962e-07,1.037214,4.422744,1.04858789e-23,0.000252,4.422744
8.18244377e-07,1.585451,2.066787,9.99127074e-24,-0.012586,2.066787
2.94107914e-07,1.554224,0.879955,1.00262407e-23,-0.002267,0.879955
4.45404286e-07,1.764109,3.973781,9.89800906e-24,-0.003542,3.973781
5.35402776e-07,2.524936,2.720672,9.86215535e-24,0.004833,2.720672
8.07427503e-07,1.408129,5.980401,1.03187015e-23,-0.010677,5.980401
7.85811937e-07,1.493189,0.181174,1.01595674e-23,-0.011184,0.181174
7.84927701e-07,3.073617,4.469317,1.00161427e-23,0.011496,4.469317
6.72546790e-07,2.230722,4.447171,9.62023852e-24,0.002962,4.447171
8.75908628e-07,0.948665,5.731508,1.07432741e-23,0.003839,5.731508
9.10825055e-07,2.419811,1.162687,9.42677889e-24,0.011894,1.162687
7.34187035e-07,1.400197,0.874984,1.02760096e-23,-0.008643,0.874984
9.21935298e-07,0.531072,5.416340,1.03879145e-23,0.015884,5.416340
3.98252278e-07,1.128191,6.024502,1.01967358e-23,-0.000807,6.024502
7.84946243e-07,2.655818,0.996558,9.81554670e-24,0.010746,0.996558
7.86141434e-07,2.547568,5.553935,9.72410776e-24,0.009904,5.553935
9.10943168e-07,1.408986,5.765904,1.04282375e-23,-0.014689,5.765904
7.90118399e-07,1.775411,6.271206,9.67223291e-24,-0.009364,6.271206
6.84357794e-07,2.188236,3.760559,9.59335025e-24,0.002158,3.760559
9.82105819e-07,1.218175,1.426583,1.10951266e-23,-0.011328,1.426583
4.54036077e-07,1.632492,2.975942,9.97756643e-24,-0.004350,2.975942
7.86416559e-07,2.219868,2.124387,9.47284335e-24,0.003720,2.124387
6.33503892e-07,2.062816,2.667787,9.63800049e-24,-0.000663,2.667787
6.93167884e-07,2.781508,4.056990,9.93007973e-24,0.008818,4.056990
6.03943715e-07,1.282087,3.652395,1.02959601e-23,-0.004416,3.652395
5.41435846e-07,2.972602,0.470808,1.00071439e-23,0.005873,0.470808
5.11811416e-07,2.786391,2.270900,9.96793970e-24,0.005263,2.270900
9.54865936e-07,0.893147,5.603807,1.09540216e-23,0.007854,5.603807
7.19950449e-07,0.101024,4.516759,1.00280780e-23,0.009664,4.516759
8.95381627e-07,2.077706,2.081287,9.22415389e-24,-0.000725,2.081287
9.84108950e-07,1.266743,0.518663,1.10215452e-23,-0.014578,0.518663
7.02411746e-07,0.940314,5.905970,1.04643436e-23,0.002561,5.905970
9.46623676e-07,1.158052,6.175395,1.09467174e-23,-0.005936,6.175395
6.63873796e-07,2.287463,1.265632,9.65306823e-24,0.003937,1.265632
5.71659452e-07,1.387462,0.032109,1.01949392e-23,-0.005405,0.032109
6.83310700e-07,1.891926,0.410291,9.65273780e-24,-0.004798,0.410291
9.14194458e-07,1.458422,6.030171,1.03141173e-23,-0.015951,6.030171
5.52921640e-07,2.096962,2.563809,9.71543051e-24,0.000042,2.563809
7.45131494e-07,2.329456,3.629100,9.59024021e-24,0.005753,3.629100
7.53792576e-07,2.605698,6.250124,9.79445032e-24,0.009566,6.250124
5.81548072e-07,1.343948,5.849982,1.02355924e-23,-0.005034,5.849982
4.14675964e-07,0.940264,2.961124,1.02054539e-23,0.001068,2.961124
8.85968464e-07,1.660039,3.540932,9.80682632e-24,-0.014819,3.540932
5.71438612e-07,2.202900,1.381966,9.71134484e-24,0.001809,1.381966
8.64050507e-07,1.039837,4.212978,1.07413202e-23,0.000288,4.212978
7.25600523e-07,1.155652,3.632868,1.04893848e-23,-0.002934,3.632868
6.82620615e-07,0.075956,0.992354,1.00242930e-23,0.008750,0.992354
3.59254812e-07,1.356526,1.384890,1.01159509e-23,-0.002419,1.384890
9.97125336e-07,2.799850,6.171382,9.74114027e-24,0.030334,6.171382
8.74377556e-07,2.433587,0.303157,9.51008960e-24,0.010822,0.303157
9.43739117e-07,2.930143,2.856757,9.95320116e-24,0.019115,2.856757
7.41887681e-07,2.007081,3.354484,9.52213593e-24,-0.002468,3.354484
6.14130603e-07,2.066730,2.149302,9.65767428e-24,-0.000550,2.149302
4.79067562e-07,0.383279,5.790383,1.00749660e-23,0.004702,5.790383
7.03428164e-07,1.352711,6.233437,1.03116257e-23,-0.007194,6.233437
7.95248139e-07,1.481777,3.683469,1.01836311e-23,-0.011366,3.683469
9.60280949e-07,2.410978,2.974751,9.27070864e-24,0.014478,2.974751
8.35937201e-07,1.943798,1.774176,9.41593132e-24,-0.005474,1.774176
3.85229572e-07,1.612809,0.530133,9.99770438e-24,-0.003401,0.530133
4.52819228e-07,1.057545,3.281943,1.02414138e-23,-0.000125,3.281943
7.95524584e-07,2.174175,6.271521,9.44072892e-24,0.002488,6.271521
9.05804629e-07,1.358535,4.435088,1.05280363e-23,-0.013008,4.435088
8.93445189e-07,1.859502,1.272294,9.40279744e-24,-0.009893,1.272294
5.60089840e-07,1.703502,1.355243,9.89455228e-24,-0.005687,1.355243
9.85870155e-07,0.877142,1.171741,1.11637812e-23,0.010683,1.171741
9.34995208e-07,1.283527,4.551677,1.07383559e-23,-0.011605,4.551677
9.37602674e-07,1.971537,0.636085,9.14118112e-24,-0.006311,0.636085
3.79061299e-07,1.712184,0.265788,9.94849063e-24,-0.003024,0.265788
9.08053675e-07,1.649613,3.862388,9.81643358e-24,-0.016115,3.862388
8.71298200e-07,1.168349,5.397359,1.07154253e-23,-0.004913,5.397359
5.04839914e-07,1.054156,4.905757,1.02832274e-23,-0.000100,4.905757
8.23753758e-07,2.634242,0.068553,9.77319447e-24,0.011807,0.068553
7.57199936e-07,2.338895,4.567351,9.58266495e-24,0.006130,4.567351
5.64936909e-07,0.728638,5.354450,1.02464530e-23,0.004404,5.354450
9.03861936e-07,2.559741,0.884707,9.61479028e-24,0.014237,0.884707
7.96717317e-07,1.134892,3.187408,1.05974373e-23,-0.002872,3.187408
7.18376270e-07,0.566099,5.563236,1.02473064e-23,0.008492,5.563236
7.83003474e-07,2.162424,3.116403,9.45669965e-24,0.002062,3.116403
8.15684301e-07,0.401490,0.983397,1.01752714e-23,0.012121,0.983397
7.43684718e-07,2.209006,2.014235,9.52772987e-24,0.003050,2.014235
9.14338819e-07,1.439337,0.165576,1.03613108e-23,-0.015582,0.165576
8.03313946e-07,1.337802,5.020217,1.04221075e-23,-0.009045,5.020217
8.81748560e-07,0.395257,0.129327,1.02031227e-23,0.014767,0.129327
9.04159326e-07,1.903898,1.382516,9.31733954e-24,-0.008479,1.382516
6.90854297e-07,1.286948,0.688639,1.03656850e-23,-0.005701,0.688639
9.82664256e-07,2.186213,3.874756,8.83431834e-24,0.005864,3.874756
8.35169266e-07,2.099001,4.976763,9.35813791e-24,0.000165,4.976763
9.55265924e-07,0.877017,3.969746,1.09397778e-23,0.008597,3.969746
7.56769478e-07,0.916114,4.595851,1.05234157e-23,0.003576,4.595851
7.86559781e-07,1.169398,4.771303,1.05651105e-23,-0.003888,4.771303
5.90743705e-07,2.048202,1.871296,9.68263081e-24,-0.000863,1.871296
2.86614904e-07,2.474488,4.291347,9.95210624e-24,0.001706,4.291347
9.70126011e-07,2.093938,1.318305,8.91304861e-24,-0.000027,1.318305
9.10319419e-07,2.126637,1.815701,9.18395964e-24,0.001454,1.815701
7.89238529e-07,2.313564,6.271621,9.52469518e-24,0.006119,6.271621
8.30338930e-07,1.736585,4.146666,9.69665559e-24,-0.011323,4.146666
5.34747894e-07,0.705227,5.549277,1.02169402e-23,0.004218,5.549277
8.36943897e-07,1.244660,2.935587,1.05827556e-23,-0.007105,2.935587
9.04816986e-07,1.977485,4.903225,9.24096879e-24,-0.005295,4.903225
6.15090545e-07,0.801761,5.870611,1.03183852e-23,0.004194,5.870611
9.28129001e-07,1.935333,1.711989,9.21183712e-24,-0.007810,1.711989
2.83342590e-07,2.375938,1.562040,9.93770909e-24,0.001372,1.562040
9.94863955e-07,0.878177,4.909991,1.13335455e-23,0.012189,4.909991
4.57150990e-07,0.415994,5.822253,1.00797620e-23,0.004322,5.822253
4.21795114e-07,1.342077,1.407635,1.01496592e-23,-0.002989,1.407635
7.18996192e-07,1.788422,4.678498,9.71724079e-24,-0.007507,4.678498
6.44142964e-07,1.616706,1.349061,9.96355120e-24,-0.007805,1.349061
9.90365070e-07,2.568331,3.040122,9.37737511e-24,0.023367,3.040122
6.51166636e-07,0.622276,0.632747,1.02440242e-23,0.006685,0.632747
9.81431153e-07,0.619487,0.613332,1.06861040e-23,0.020116,0.613332
7.61265941e-07,1.338590,0.237932,1.03779213e-23,-0.008089,0.237932
9.12458318e-07,0.277081,3.758469,1.01214604e-23,0.016766,3.758469
7.30357669e-07,1.939413,6.181994,9.56967322e-24,-0.004221,6.181994
8.15320229e-07,2.837503,0.028445,9.93038924e-24,0.012367,0.028445
4.17772538e-07,2.053963,4.803876,9.82656887e-24,-0.000432,4.803876
7.58354743e-07,1.298921,2.979071,1.04209831e-23,-0.007116,2.979071
8.19799112e-07,0.960073,4.986497,1.06375109e-23,0.002895,4.986497
7.94938805e-07,1.031659,1.807376,1.06116948e-23,0.000497,1.807376
9.77323719e-07,1.027698,0.441971,1.11852351e-23,0.001228,0.441971
7.30569057e-07,1.550983,4.661924,1.00513036e-23,-0.009922,4.661924
9.69963165e-07,0.453269,2.411970,1.03653551e-23,0.020975,2.411970
6.57783044e-07,2.025707,1.610659,9.61768178e-24,-0.001549,1.610659
7.25057162e-07,1.674000,0.491939,9.86421729e-24,-0.009288,0.491939
9.71266562e-07,2.034873,2.403859,8.91960316e-24,-0.003650,2.403859
6.82965257e-07,0.461612,5.957383,1.01620227e-23,0.008289,5.957383
6.14833325e-07,2.111271,2.166370,9.65629390e-24,0.000332,2.166370
3.11446090e-07,0.671611,3.353812,1.00985730e-23,0.001922,3.353812
9.95390516e-07,2.503414,4.896057,9.17005763e-24,0.023856,4.896057
9.11834705e-07,1.578062,2.963702,1.00010546e-23,-0.016844,2.963702
8.54819436e-07,2.086379,5.885796,9.31912301e-24,-0.000306,5.885796
7.01934915e-07,0.880775,0.849826,1.04400929e-23,0.003832,0.849826
7.64491466e-07,2.286707,0.897776,9.53955602e-24,0.005131,0.897776
7.41906704e-07,2.083706,0.985876,9.50721834e-24,-0.000299,0.985876
6.53745026e-07,0.964835,1.362753,1.04162654e-23,0.001755,1.362753
8.22622779e-07,2.583651,1.945392,9.72724665e-24,0.011335,1.945392
8.85805832e-07,0.702036,2.570646,1.05426228e-23,0.011351,2.570646
6.15856095e-07,2.830526,1.940401,9.96543069e-24,0.007211,1.940401
8.60229237e-07,1.814603,0.400373,9.53007387e-24,-0.010329,0.400373
3.40578119e-07,1.332903,1.299617,1.01162736e-23,-0.002096,1.299617
9.02926114e-07,1.637064,5.526128,9.85140734e-24,-0.015972,5.526128
7.43725849e-07,1.504997,0.594807,1.01261139e-23,-0.010076,0.594807
8.38329517e-07,1.516403,3.191696,1.01339083e-23,-0.013144,3.191696
3.20759245e-07,1.073051,0.218150,1.01497925e-23,-0.000183,0.218150
6.75963124e-07,1.290562,0.105812,1.03491771e-23,-0.005550,0.105812
6.22796896e-07,2.259838,4.228549,9.68114000e-24,0.003077,4.228549
8.65982670e-07,2.303743,1.152374,9.39484645e-24,0.007334,1.152374
9.45549885e-07,0.998611,5.157901,1.09802071e-23,0.002510,5.157901
8.88507327e-07,1.024988,2.606620,1.07979117e-23,0.000933,2.606620
9.01730601e-07,1.860575,4.522179,9.38351330e-24,-0.010135,4.522179
9.70554229e-07,0.725925,2.151164,1.08107237e-23,0.015568,2.151164
6.55208446e-07,1.839338,0.368881,9.71886268e-24,-0.005464,0.368881
9.90707439e-07,0.548198,2.082873,1.06166831e-23,0.024003,2.082873
9.93428032e-07,1.463792,0.322895,1.04829848e-23,-0.026482,0.322895
8.37955675e-07,0.567580,0.227798,1.03360180e-23,0.011740,0.227798
9.01900402e-07,1.918948,2.047366,9.30476069e-24,-0.007784,2.047366
7.76238063e-07,1.587360,3.335061,9.99105928e-24,-0.011215,3.335061
8.21933149e-07,2.201574,3.278493,9.40771174e-24,0.003543,3.278493
9.97914502e-07,2.305498,4.020291,8.64718411e-24,0.016251,4.020291
2.80002525e-07,1.417774,5.666418,1.00689611e-23,-0.001870,5.666418
8.51870180e-07,2.934626,0.528846,9.97374384e-24,0.013846,0.528846
9.68583946e-07,2.042322,0.716744,8.93546501e-24,-0.003134,0.716744
9.58878635e-07,1.125435,1.066015,1.10310078e-23,-0.004457,1.066015
6.44714101e-07,2.668575,1.651357,9.88650222e-24,0.007433,1.651357
7.32912224e-07,2.026786,1.247583,9.52789731e-24,-0.001864,1.247583
5.64603162e-07,1.080187,2.837095,1.03346506e-23,-0.000570,2.837095
6.48390018e-07,2.674853,2.978615,9.88851851e-24,0.007532,2.978615
6.39031020e-07,2.488476,3.334498,9.78559058e-24,0.006207,3.334498
2.95535398e-07,0.772510,0.313904,1.01094811e-23,0.001436,0.313904
8.15405805e-07,0.284143,1.516871,1.00990034e-23,0.012401,1.516871
7.21890947e-07,1.926653,4.345460,9.58775114e-24,-0.004454,4.345460
6.06755255e-07,1.726127,6.142637,9.85391222e-24,-0.006287,6.142637
5.09550379e-07,1.552941,2.595832,1.00352858e-23,-0.005319,2.595832
4.96396843e-07,1.965555,6.031328,9.78103228e-24,-0.001812,6.031328
9.69258664e-07,1.506777,4.525532,1.02401136e-23,-0.021532,4.525532
9.44947399e-07,1.107827,2.233401,1.09721643e-23,-0.003217,2.233401
8.53714161e-07,1.640319,6.078375,9.86897030e-24,-0.013622,6.078375
6.83369247e-07,2.036824,5.657117,9.58658699e-24,-0.001390,5.657117
8.46580418e-07,2.282437,1.684904,9.41345783e-24,0.006320,1.684904
7.20141058e-07,1.992184,5.776034,9.55548713e-24,-0.002726,5.776034
8.03592070e-07,0.252424,5.589665,1.00805638e-23,0.012038,5.589665
7.08687940e-07,1.751120,1.015271,9.76931477e-24,-0.007930,1.015271
9.85874035e-07,1.480962,5.513925,1.03714772e-23,-0.024206,5.513925
8.48975897e-07,1.235219,2.218439,1.06129032e-23,-0.007029,2.218439
3.63078044e-07,1.660484,3.376858,9.97674856e-24,-0.003009,3.376858
8.09325989e-07,1.212625,1.504212,1.05694678e-23,-0.005560,1.504212
7.78937263e-07,2.702473,4.098084,9.85388706e-24,0.010813,4.098084
7.85799807e-07,0.774290,4.070596,1.04710117e-23,0.007203,4.070596
7.93129275e-07,2.619293,0.626630,9.78077370e-24,0.010740,0.626630
6.23623104e-07,2.160605,5.431581,9.65269664e-24,0.001309,5.431581
6.46008209e-07,0.744375,3.405540,1.03136266e-23,0.005344,3.405540
9.27623917e-07,1.683990,0.266046,9.70887130e-24,-0.016777,0.266046
9.32157976e-07,1.725634,4.948907,9.59505712e-24,-0.016127,4.948907
7.23924620e-07,0.961424,5.307189,1.04971132e-23,0.002201,5.307189
8.47001290e-07,2.402529,3.640000,9.51939971e-24,0.009336,3.640000
5.24789557e-07,1.557888,1.144131,1.00316713e-23,-0.005583,1.144131
9.94811571e-07,1.765469,4.616551,9.19435175e-24,-0.023702,4.616551
3.53929506e-07,1.922905,5.773430,9.88700339e-24,-0.001410,5.773430
9.36589772e-07,2.149591,4.850562,9.10023277e-24,0.002732,4.850562
9.64639765e-07,2.123921,3.632655,8.95404020e-24,0.001698,3.632655
7.81581915e-07,0.564322,3.820281,1.02875015e-23,0.010068,3.820281
9.43223505e-07,0.992150,2.513688,1.09677495e-23,0.002806,2.513688
8.87401901e-07,1.707807,5.014244,9.69740121e-24,-0.014088,5.014244
9.86384041e-07,1.255124,5.652759,1.10715404e-23,-0.014215,5.652759
9.89515339e-07,2.171542,5.049555,8.72814168e-24,0.005363,5.049555
8.94886785e-07,0.367019,2.303515,1.01855851e-23,0.015535,2.303515
7.72897911e-07,2.213554,3.868530,9.48967652e-24,0.003419,3.868530
9.95225690e-07,1.302259,4.209161,1.11017799e-23,-0.019601,4.209161
6.21497835e-07,0.666576,0.249089,1.02515743e-23,0.005796,0.249089
9.40907968e-07,1.099728,0.916948,1.09582645e-23,-0.002734,0.916948
9.54819830e-07,1.265424,3.235401,1.08410640e-23,-0.011851,3.235401
9.62956307e-07,0.556724,2.938947,1.05041348e-23,0.018805,2.938947
5.93141633e-07,0.509458,2.282615,1.01534779e-23,0.006304,2.282615
8.91440557e-07,1.593530,4.683835,9.96419744e-24,-0.015659,4.683835
7.45516406e-07,2.534097,0.712963,9.74410294e-24,0.008753,0.712963
7.98020443e-07,0.674152,1.064633,1.03990126e-23,0.009209,1.064633
7.71068710e-07,0.727575,0.822052,1.04166202e-23,0.007752,0.822052
8.28938039e-07,1.906747,0.801406,9.46070433e-24,-0.006622,0.801406
8.34227245e-07,0.541810,3.076130,1.03075650e-23,0.011870,3.076130
3.88835932e-07,1.539166,0.786599,1.00376209e-23,-0.003464,0.786599
9.50474664e-07,1.775662,5.770301,9.42914989e-24,-0.015877,5.770301
9.65338408e-07,2.144778,2.008309,8.95591989e-24,0.002886,2.008309
8.85993231e-07,1.228354,0.678727,1.06923917e-23,-0.007607,0.678727
7.75086792e-07,1.742281,0.264657,9.73381825e-24,-0.009625,0.264657
6.76234171e-07,1.333723,3.978519,1.03102253e-23,-0.006365,3.978519
6.38350849e-07,1.417974,0.836038,1.01993031e-23,-0.006891,0.836038
1.11763460e-07,1.804512,5.615931,1.00027154e-23,-0.000395,5.615931
9.77977518e-07,0.615721,2.479401,1.06599616e-23,0.019617,2.479401
6.48715517e-07,1.718443,3.673622,9.84193313e-24,-0.007148,3.673622
8.18550480e-07,2.137018,3.722443,9.39267524e-24,0.001441,3.722443
5.81801104e-07,1.053547,2.104840,1.03520940e-23,-0.000115,2.104840
9.21867276e-07,0.770747,6.019738,1.07001468e-23,0.011039,6.019738
9.90801948e-07,1.835285,2.684984,9.03632446e-24,-0.018280,2.684984
6.34305966e-07,1.048012,0.962607,1.04049310e-23,-0.000017,0.962607
8.12757836e-07,1.720516,2.677811,9.73955616e-24,-0.011070,2.677811
9.08504820e-07,2.305163,1.504782,9.30254982e-24,0.008480,1.504782
3.49908489e-07,2.189934,5.950179,9.87675639e-24,0.000739,5.950179
7.48143257e-07,2.238388,0.566434,9.53451884e-24,0.003807,0.566434
6.99007655e-07,0.975841,1.677322,1.04700966e-23,0.001726,1.677322
9.45579001e-07,1.720697,6.202605,9.58254807e-24,-0.017237,6.202605
4.54966626e-07,2.679815,0.175922,9.94831514e-24,0.004209,0.175922
5.41803271e-07,1.269908,5.911302,1.02569017e-23,-0.003514,5.911302
6.87786154e-07,0.885299,4.449471,1.04265550e-23,0.003602,4.449471
6.89012933e-07,1.867519,1.488768,9.66589915e-24,-0.005403,1.488768
6.10180672e-07,0.760822,4.887517,1.02943709e-23,0.004650,4.887517
8.35246850e-07,1.577485,5.869404,1.00064047e-23,-0.013218,5.869404
6.42039870e-07,1.284250,0.731705,1.03250891e-23,-0.004948,0.731705
7.54875512e-07,2.354672,3.829745,9.59643846e-24,0.006395,3.829745
9.57740677e-07,1.345113,5.799433,1.06853884e-23,-0.015664,5.799433
6.85785244e-07,1.512288,2.217432,1.01010874e-23,-0.008676,2.217432
7.99404150e-07,2.402525,5.090078,9.58238433e-24,0.008162,5.090078
9.91334255e-07,1.672909,5.117802,9.59370296e-24,-0.025675,5.117802
3.94663156e-07,1.223073,1.810879,1.01769171e-23,-0.001709,1.810879
9.85802431e-07,2.015582,5.479441,8.78889020e-24,-0.005473,5.479441
5.25818951e-07,1.243780,3.782186,1.02580146e-23,-0.002985,3.782186
8.98419879e-07,2.279416,4.260964,9.30374649e-24,0.007332,4.260964
5.94637388e-07,1.823422,4.724046,9.77694336e-24,-0.004859,4.724046
8.74074218e-07,0.301422,0.182498,1.01253205e-23,0.014697,0.182498
8.48231055e-07,0.688545,3.453517,1.04716586e-23,0.010360,3.453517
9.90945134e-07,1.609695,5.963212,9.85614604e-24,-0.026688,5.963212
5.71427416e-07,1.461771,0.745388,1.01282590e-23,-0.006055,0.745388
9.87706573e-07,2.767883,5.724803,9.74288925e-24,0.025136,5.724803
4.59080343e-07,0.904930,2.267884,1.02310580e-23,0.001631,2.267884
8.01945887e-08,0.912437,1.552812,1.00354176e-23,0.000110,1.552812
6.26932679e-07,2.184543,4.430330,9.65412603e-24,0.001777,4.430330
7.94582738e-07,1.128740,0.294688,1.05964975e-23,-0.002654,0.294688
9.58964631e-07,0.423192,0.428280,1.03036560e-23,0.019880,0.428280
9.72393677e-07,1.456092,1.323761,1.04160012e-23,-0.021009,1.323761
5.22263632e-07,2.549946,2.214764,9.87894764e-24,0.004772,2.214764
7.49382030e-07,2.471690,1.772835,9.69149000e-24,0.008134,1.772835
5.24654040e-07,2.133426,0.333814,9.74203538e-24,0.000585,0.333814
7.87334892e-07,2.112684,1.494106,9.44125499e-24,0.000573,1.494106
2.93770110e-07,1.314261,2.127618,1.01015428e-23,-0.001584,2.127618
5.09912146e-07,2.817043,1.497274,9.97669180e-24,0.005262,1.497274
9.61829009e-07,1.312749,4.841471,1.07764128e-23,-0.014607,4.841471
5.28500284e-07,2.372677,2.409209,9.80138267e-24,0.003584,2.409209
9.92494137e-07,2.649684,2.941382,9.51758799e-24,0.025681,2.941382
9.59929980e-07,1.044915,0.534464,1.10613672e-23,0.000129,0.534464
9.58792198e-07,1.349651,4.282364,1.06781463e-23,-0.015938,4.282364
8.45767041e-07,1.207044,2.119727,1.06343006e-23,-0.005966,2.119727
8.84897014e-07,1.413599,4.508121,1.03838806e-23,-0.013545,4.508121
9.12205755e-07,2.452511,0.002093,9.46497985e-24,0.012719,0.002093
6.89257255e-07,2.814357,4.167592,9.94627034e-24,0.008784,4.167592
7.28229045e-07,1.176300,1.227995,1.04830087e-23,-0.003511,1.227995
9.91211007e-07,0.419169,1.758420,1.03836887e-23,0.026006,1.758420
3.47662180e-07,1.175212,1.304090,1.01577068e-23,-0.001033,1.304090
8.74717960e-07,1.817486,5.415821,9.50300881e-24,-0.010709,5.415821
9.34106345e-07,1.046797,1.221344,1.09408057e-23,0.000020,1.221344
9.20021752e-07,1.567769,6.273349,1.00285968e-23,-0.017368,6.273349
1.50636273e-07,0.307891,2.206526,1.00264239e-23,0.000818,2.206526
8.46203330e-07,0.629093,0.676160,1.04071959e-23,0.011253,0.676160
9.43142131e-07,1.213577,3.067974,1.08729635e-23,-0.008693,3.067974
8.86346030e-07,2.541261,0.998345,9.61647201e-24,0.013168,0.998345
8.42852321e-07,2.942498,3.185269,9.97832884e-24,0.013488,3.185269
8.97588057e-07,1.089771,0.837474,1.08177816e-23,-0.001874,0.837474
8.28919982e-07,2.519692,2.580666,9.65937196e-24,0.010802,2.580666
7.62244677e-07,1.221800,3.931365,1.04968016e-23,-0.005153,3.931365
7.16766430e-07,2.180856,4.309104,9.55270065e-24,0.002176,4.309104
7.60834340e-07,1.416636,2.953971,1.02707719e-23,-0.009546,2.953971
9.56821652e-07,1.742897,6.029514,9.49576957e-24,-0.017545,6.029514
7.08593618e-07,0.699745,5.257111,1.03365293e-23,0.006936,5.257111
6.47082416e-07,1.749556,5.260893,9.80922123e-24,-0.006741,5.260893
6.23620140e-07,2.236025,0.801197,9.67193823e-24,0.002684,0.801197
6.41085421e-07,2.139355,2.865821,9.63134193e-24,0.000942,2.865821
7.86812791e-07,1.537456,2.742672,1.00808415e-23,-0.011492,2.742672
8.31883208e-07,2.425926,4.895122,9.56326775e-24,0.009393,4.895122
2.38108803e-07,1.866649,2.272007,9.95480725e-24,-0.001004,2.272007
7.32125211e-07,2.097826,5.746786,9.52019114e-24,0.000093,5.746786
8.68724960e-07,2.472228,3.968918,9.56152289e-24,0.011373,3.968918
5.96575776e-07,1.242311,1.998040,1.03140951e-23,-0.003654,1.998040
6.81528780e-07,0.637540,3.192933,1.02732852e-23,0.007115,3.192933
7.10568105e-07,1.448041,1.933572,1.01975658e-23,-0.008738,1.933572
6.75275318e-07,2.237141,2.202689,9.61972145e-24,0.003111,2.202689
5.23779213e-07,1.839595,3.732159,9.81357530e-24,-0.003741,3.732159
7.43170223e-07,1.631399,3.345590,9.92291309e-24,-0.010095,3.345590
7.76873738e-07,1.067896,1.054628,1.05830310e-23,-0.000637,1.054628
8.71821416e-07,1.445743,3.251295,1.03023863e-23,-0.013625,3.251295
9.95845017e-07,1.952590,6.008093,8.65326945e-24,-0.011545,6.008093
8.96285010e-07,1.758911,0.919329,9.57721217e-24,-0.013281,0.919329
3.73994166e-07,1.123904,4.354323,1.01808422e-23,-0.000693,4.354323
6.20364558e-07,1.987852,1.594891,9.66658967e-24,-0.002170,1.594891
6.52835756e-07,0.458199,3.340658,1.01491473e-23,0.007655,3.340658
7.26992447e-07,1.782564,4.367409,9.71769408e-24,-0.007778,4.367409
5.62747033e-07,2.880120,6.241193,9.98686643e-24,0.006230,6.241193
9.46365713e-07,2.529109,0.600483,9.49504222e-24,0.016318,0.600483
8.78710499e-07,0.970682,0.119075,1.07595224e-23,0.003043,0.119075
5.86706074e-07,1.281958,0.786311,1.02828571e-23,-0.004202,0.786311
8.94130044e-07,1.140290,2.471968,1.07873586e-23,-0.004068,2.471968
6.75930163e-07,1.265319,2.727180,1.03692898e-23,-0.005036,2.727180
8.03608822e-07,2.523192,5.893367,9.68723615e-24,0.010108,5.893367
8.53340392e-07,0.393593,2.366972,1.01864523e-23,0.013537,2.366972
8.27046236e-07,1.364025,0.650314,1.04093302e-23,-0.010321,0.650314
7.67120584e-07,0.620459,1.947979,1.03237544e-23,0.009133,1.947979
8.98281583e-07,0.269526,1.039266,1.01114147e-23,0.015961,1.039266
6.98928883e-07,1.772738,5.806180,9.75049840e-24,-0.007385,5.806180
4.68596326e-07,1.574927,5.184478,1.00172920e-23,-0.004660,5.184478
9.26167692e-07,2.084298,5.916695,9.12944679e-24,-0.000490,5.916695
6.49213879e-07,2.809636,2.567918,9.95194758e-24,0.007879,2.567918
8.88257446e-07,2.382403,4.760438,9.42908222e-24,0.010104,4.760438
8.00805964e-07,1.369159,1.763158,1.03742795e-23,-0.009706,1.763158
8.23359555e-07,1.653675,0.307363,9.85564899e-24,-0.012352,0.307363
7.43769596e-07,1.759795,4.374894,9.73321394e-24,-0.008554,4.374894
9.42137637e-07,0.712217,2.317569,1.06794774e-23,0.013741,2.317569
7.73036711e-07,0.835833,2.395078,1.04999639e-23,0.005684,2.395078
8.17766491e-07,0.935411,3.318743,1.06237269e-23,0.003643,3.318743
8.80226497e-07,2.420169,5.316184,9.48550957e-24,0.010733,5.316184
7.36521082e-07,1.574594,3.926187,1.00142856e-23,-0.010099,3.926187
6.95417120e-07,1.825570,4.650872,9.69750552e-24,-0.006362,4.650872
7.28332995e-07,1.706822,5.291743,9.81570436e-24,-0.008999,5.291743
4.33498449e-07,0.763203,0.428128,1.01783729e-23,0.002654,0.428128
9.53642831e-07,1.114874,1.373349,1.10095594e-23,-0.003748,1.373349
8.91297135e-07,1.502185,4.341145,1.01883462e-23,-0.015329,4.341145
7.46389656e-07,0.371043,3.109076,1.01305353e-23,0.010132,3.109076
4.05020967e-07,1.441822,1.120356,1.00933629e-23,-0.003409,1.120356
8.33123454e-07,1.897987,3.547662,9.46291645e-24,-0.006993,3.547662
9.47813180e-07,1.481847,3.067180,1.02898515e-23,-0.018774,3.067180
5.41361894e-07,2.018527,5.455819,9.73233789e-24,-0.001230,5.455819
9.61275166e-07,0.322324,0.539252,1.01892869e-23,0.020663,0.539252
8.14645943e-07,1.612657,0.258695,9.93839781e-24,-0.012366,0.258695
5.52212234e-07,1.028924,1.680353,1.03242046e-23,0.000300,1.680353
9.64446440e-07,1.834070,2.909486,9.24090703e-24,-0.014586,2.909486
9.18874181e-07,1.020689,1.564964,1.08845471e-23,0.001236,1.564964
5.75453556e-07,2.847058,2.440193,9.97638225e-24,0.006443,2.440193
8.43374572e-07,2.412445,4.205144,9.53444466e-24,0.009442,4.205144
5.62357347e-07,0.708761,5.799789,1.02355538e-23,0.004551,5.799789
5.46556937e-07,2.022954,3.268467,9.72703200e-24,-0.001176,3.268467
4.37732637e-07,1.089733,3.817332,1.02285956e-23,-0.000489,3.817332
5.40672038e-07,1.924300,5.274971,9.76008538e-24,-0.002725,5.274971
8.91929714e-07,1.445276,5.589789,1.03222544e-23,-0.014524,5.589789
9.81954404e-07,0.518410,3.666071,1.05072179e-23,0.022191,3.666071
6.96100489e-07,1.238143,3.397038,1.04089838e-23,-0.004702,3.397038
2.72963261e-07,2.191611,5.145520,9.92208496e-24,0.000515,5.145520
9.56269847e-07,2.108957,1.296889,9.00043100e-24,0.000803,1.296889
8.27873591e-07,0.562573,6.211020,1.03222238e-23,0.011458,6.211020
9.99244465e-07,1.401782,5.071449,1.09019443e-23,-0.030140,5.071449
8.35340366e-07,0.068770,4.636083,1.00252419e-23,0.013224,4.636083
8.79417575e-07,1.778341,4.959074,9.56412467e-24,-0.012044,4.959074
9.75693069e-07,2.557653,4.976457,9.44741719e-24,0.019945,4.976457
8.83164845e-07,2.413589,4.763683,9.47306123e-24,0.010686,4.763683
8.82187101e-07,1.968283,4.867720,9.30464440e-24,-0.005290,4.867720
9.00473744e-07,1.713590,2.755213,9.66973124e-24,-0.014595,2.755213
7.89860433e-07,0.775897,0.221487,1.04772917e-23,0.007251,0.221487
9.64122376e-07,2.307304,5.297349,9.10536315e-24,0.010933,5.297349
2.02539998e-07,2.096913,0.075505,9.95560737e-24,0.000009,0.075505
9.76698627e-07,2.965797,5.381361,9.96413827e-24,0.023142,5.381361
8.91659183e-07,1.341651,4.352391,1.05355492e-23,-0.011878,4.352391
8.10985304e-07,0.804972,4.154487,1.05285133e-23,0.007040,4.154487
6.98908099e-07,1.438032,2.436651,1.02053033e-23,-0.008360,2.436651
8.53574592e-07,1.749569,4.925533,9.64994729e-24,-0.011827,4.925533
9.26476572e-07,0.637185,5.161206,1.05362101e-23,0.014532,5.161206
7.99723227e-07,0.557925,0.410131,1.02953344e-23,0.010637,0.410131
3.81556988e-07,1.499056,4.553936,1.00581434e-23,-0.003295,4.553936
8.12490001e-07,0.563319,1.910357,1.03101562e-23,0.010966,1.910357
9.15639155e-07,1.316652,0.433934,1.06283039e-23,-0.012027,0.433934
6.42320456e-07,2.571875,5.928124,9.83314364e-24,0.006901,5.928124
6.00342999e-07,1.965208,3.011797,9.69332997e-24,-0.002483,3.011797
9.52485553e-07,2.343961,1.575160,9.20753179e-24,0.011663,1.575160
5.31671931e-07,1.907309,4.080190,9.77411212e-24,-0.002902,4.080190
9.05641400e-07,1.088399,0.798639,1.08406716e-23,-0.001865,0.798639
2.56808566e-07,1.212672,4.564891,1.01028993e-23,-0.000836,4.564891
7.35277476e-07,1.837734,3.491997,9.64858781e-24,-0.006804,3.491997
7.95964426e-07,0.779205,0.410448,1.04876361e-23,0.007304,0.410448
7.60033648e-07,1.271021,1.043158,1.04514415e-23,-0.006448,1.043158
7.49857052e-07,2.035335,4.663789,9.50300271e-24,-0.001702,4.663789
8.85572805e-07,1.411416,4.801583,1.03892756e-23,-0.013525,4.801583
3.25483797e-07,2.411283,2.163373,9.92499917e-24,0.001843,2.163373
6.78510273e-07,1.369936,5.959543,1.02746506e-23,-0.007009,5.959543
6.84510309e-07,2.338620,3.803763,9.65947997e-24,0.005047,3.803763
9.58220357e-07,1.314872,0.538937,1.07567643e-23,-0.014412,0.538937
9.28628434e-07,1.937199,5.759388,9.20807864e-24,-0.007737,5.759388
6.21575136e-07,0.393237,3.925885,1.01085073e-23,0.007199,3.925885
7.76611575e-07,1.211541,1.136295,1.05234113e-23,-0.005054,1.136295
6.67621186e-07,1.404653,4.903512,1.02293953e-23,-0.007296,4.903512
8.95467700e-07,2.048286,2.165515,9.22952157e-24,-0.002017,2.165515
8.61043016e-07,0.308058,0.680744,1.01256201e-23,0.014107,0.680744
5.41301145e-07,0.853232,5.428403,1.02794294e-23,0.002792,5.428403
8.60183658e-07,0.482118,2.917921,1.02701299e-23,0.013323,2.917921
5.02631904e-07,1.259370,1.123524,1.02346124e-23,-0.002978,1.123524
6.27882984e-07,1.334313,2.147650,1.02739984e-23,-0.005590,2.147650
7.96725456e-07,2.274591,5.792452,9.48793241e-24,0.005294,5.792452
8.06499081e-07,2.043255,4.987617,9.41542162e-24,-0.001715,4.987617
8.46538015e-07,2.017707,5.693238,9.35137982e-24,-0.002889,5.693238
9.61026720e-07,0.904999,2.591922,1.09970116e-23,0.007555,2.591922
8.40353523e-07,3.020675,3.028502,1.00049037e-23,0.013413,3.028502
8.97636057e-07,0.987744,4.261025,1.08133069e-23,0.002536,4.261025
7.83633531e-07,1.031654,5.063071,1.05938057e-23,0.000482,5.063071
9.92423433e-07,1.603772,5.692601,9.87767404e-24,-0.027390,5.692601
8.62403510e-07,1.095514,1.516204,1.07315032e-23,-0.001903,1.516204
7.78152280e-07,2.332876,0.621490,9.55298692e-24,0.006357,0.621490
7.37817443e-07,1.308967,4.163076,1.03892123e-23,-0.006964,4.163076
8.66185656e-07,2.939915,2.805893,9.97413487e-24,0.014458,2.805893
9.72261754e-07,1.381474,4.952317,1.06465294e-23,-0.018618,4.952317
9.87856710e-07,1.426640,1.812130,1.05837851e-23,-0.023204,1.812130
5.09716759e-07,1.488398,4.058253,1.00886069e-23,-0.005153,4.058253
9.96833794e-07,0.908002,5.958361,1.14505347e-23,0.010820,5.958361
8.78717601e-07,2.774425,0.882692,9.86342900e-24,0.014736,0.882692
8.60027459e-07,0.676627,6.016073,1.04749600e-23,0.010947,6.016073
9.04781019e-07,1.562385,5.018747,1.00420700e-23,-0.016424,5.018747
5.73524214e-07,0.563905,4.539588,1.01717571e-23,0.005716,4.539588
7.97785029e-07,2.660481,2.363996,9.81206557e-24,0.011157,2.363996
3.29244844e-07,2.175390,3.354730,9.88835660e-24,0.000575,3.354730
5.83833276e-07,2.606287,1.771574,9.87831696e-24,0.006029,1.771574
6.64122591e-07,0.534552,1.529730,1.01973431e-23,0.007539,1.529730
6.73008258e-07,0.578902,3.783829,1.02295948e-23,0.007435,3.783829
5.85444632e-07,1.196681,2.230474,1.03261267e-23,-0.002746,2.230474
8.70693971e-07,1.316294,1.243792,1.05436387e-23,-0.010330,1.243792
9.77428513e-07,2.599470,4.112670,9.51201677e-24,0.020978,4.112670
8.43268958e-07,0.955793,0.960160,1.06785196e-23,0.003240,0.960160
5.72382934e-07,0.957439,0.237899,1.03341429e-23,0.001517,0.237899
9.81119013e-07,2.128307,0.565433,8.82083441e-24,0.002193,0.565433
8.23710642e-07,0.538881,3.483826,1.02963738e-23,0.011547,3.483826
8.50976179e-07,1.439418,3.707707,1.02977089e-23,-0.012684,3.707707
3.16611569e-07,1.170716,0.556019,1.01399759e-23,-0.000864,0.556019
4.75555025e-07,2.179877,6.214556,9.78742667e-24,0.001072,6.214556
9.27327301e-07,1.329013,3.047443,1.06320550e-23,-0.013049,3.047443
9.42653084e-07,1.041932,4.889147,1.09755550e-23,0.000273,4.889147
9.00781003e-07,1.669101,3.471912,9.77396530e-24,-0.015439,3.471912
5.07228556e-07,2.237596,1.300407,9.77350595e-24,0.001923,1.300407
9.44081850e-07,0.743544,1.769966,1.07293313e-23,0.012964,1.769966
8.21681475e-07,0.735702,0.073014,1.04830669e-23,0.008748,0.073014
9.13719717e-07,2.360907,2.951808,9.34941574e-24,0.010416,2.951808
7.76037927e-07,0.664720,2.564482,1.03690359e-23,0.008806,2.564482
3.43798098e-07,1.088225,5.040456,1.01637159e-23,-0.000325,5.040456
6.95809205e-07,2.016439,4.546533,9.57681042e-24,-0.001948,4.546533
6.01027495e-07,1.484008,1.122933,1.01146035e-23,-0.006739,1.122933
6.14822656e-07,2.031211,4.906426,9.66148538e-24,-0.001266,4.906426
9.99141547e-07,2.222981,2.583965,8.38686431e-24,0.011383,2.583965
7.17248933e-07,1.191399,1.485369,1.04617764e-23,-0.003801,1.485369
6.45566006e-07,2.461314,2.562898,9.76499221e-24,0.006059,2.562898
8.31342720e-07,2.596710,2.657978,9.73249741e-24,0.011744,2.657978
9.49085212e-07,1.628068,0.012022,9.84424920e-24,-0.019332,0.012022
8.24165105e-07,2.840674,2.888694,9.93001625e-24,0.012683,2.888694
9.75650006e-07,2.504835,0.835774,9.35534101e-24,0.018763,0.835774
6.80643943e-07,2.157576,0.799138,9.59041673e-24,0.001461,0.799138
9.46029794e-07,0.437229,3.707264,1.03029097e-23,0.018526,3.707264
4.91137822e-07,1.295832,4.978755,1.02098412e-23,-0.003303,4.978755
4.77506742e-07,1.082478,0.242357,1.02597557e-23,-0.000465,0.242357
4.87635716e-07,2.571510,2.997554,9.90176184e-24,0.004365,2.997554
7.14121611e-07,1.424723,2.948338,1.02308315e-23,-0.008539,2.948338
8.87563420e-07,1.857486,3.687810,9.41765220e-24,-0.009776,3.687810
9.98939004e-07,0.653725,3.643995,1.10455543e-23,0.027046,3.643995
8.15315342e-07,1.940402,2.481948,9.45277006e-24,-0.005276,2.481948
9.62243905e-07,2.303472,0.461262,9.11053726e-24,0.010652,0.461262
6.01524292e-07,2.041792,6.165126,9.67298209e-24,-0.001014,6.165126
4.90574942e-07,2.149128,2.273859,9.77186872e-24,0.000732,2.273859
9.58550539e-07,2.265824,2.591204,9.08600603e-24,0.008804,2.591204
9.35903911e-07,1.725374,5.425902,9.58899107e-24,-0.016389,5.425902
9.66675951e-07,2.750649,2.080162,9.76600557e-24,0.021012,2.080162
6.96922528e-07,2.224416,1.053481,9.59084159e-24,0.003027,1.053481
4.29549332e-07,2.325451,3.825155,9.85016073e-24,0.002232,3.825155
9.04071460e-07,2.827548,6.074747,9.89465363e-24,0.016196,6.074747
8.01027111e-07,1.393640,2.819884,1.03367667e-23,-0.010218,2.819884
5.88643007e-07,2.114921,2.942299,9.68243563e-24,0.000375,2.942299
9.89235056e-07,1.485142,3.881277,1.03694641e-23,-0.025301,3.881277
4.22199101e-07,1.357148,3.265238,1.01427880e-23,-0.003110,3.265238
6.95459228e-07,2.455632,3.535668,9.72437758e-24,0.006864,3.535668
3.62188907e-07,0.640615,5.459421,1.01115195e-23,0.002534,5.459421
8.10313056e-07,2.449757,5.511564,9.61210310e-24,0.009246,5.511564
7.35629041e-07,1.806434,0.986608,9.68237244e-24,-0.007485,0.986608
8.58654892e-07,0.673026,0.499788,1.04692131e-23,0.010966,0.499788
7.41154313e-07,2.359858,2.288763,9.61522520e-24,0.006259,2.288763
9.92178411e-07,2.341085,0.063246,8.89958117e-24,0.015863,0.063246
8.22376991e-07,1.576184,0.410949,1.00095138e-23,-0.012744,0.410949
9.53140626e-07,0.376167,0.536091,1.02391669e-23,0.019564,0.536091
5.37739613e-07,1.431870,1.810237,1.01430840e-23,-0.005272,1.810237
7.70111150e-07,0.100884,4.422904,1.00291620e-23,0.011045,4.422904
9.28602249e-07,1.428325,5.809641,1.04085695e-23,-0.016204,5.809641
9.57162654e-07,1.406601,1.994069,1.05241065e-23,-0.017829,1.994069
7.11871745e-07,2.130390,0.069771,9.54858411e-24,0.000915,0.069771
2.98070220e-07,2.355972,0.457307,9.92792588e-24,0.001402,0.457307
9.08954723e-07,2.233663,2.754352,9.23918197e-24,0.005913,2.754352
9.52597947e-07,1.949868,0.136698,9.10103118e-24,-0.007936,0.136698
6.36568970e-07,2.054419,0.348353,9.63565136e-24,-0.000848,0.348353
7.77041626e-07,1.192814,5.917172,1.05371412e-23,-0.004501,5.917172
9.07227872e-07,1.887259,5.496845,9.33183552e-24,-0.009263,5.496845
8.30819519e-07,1.525878,5.345770,1.01122823e-23,-0.012925,5.345770
3.06008523e-07,1.908473,4.970302,9.91608490e-24,-0.001219,4.970302
9.06977804e-07,1.092419,3.734942,1.08434519e-23,-0.002058,3.734942
7.95207940e-07,1.016506,6.277080,1.06106271e-23,0.000977,6.277080
8.12206133e-07,2.521372,4.272503,9.67750598e-24,0.010328,4.272503
6.13970786e-07,1.792171,2.772467,9.78897603e-24,-0.005597,2.772467
8.00124113e-07,2.258715,3.883773,9.47310381e-24,0.004929,3.883773
7.89352478e-07,2.613910,4.772196,9.77871728e-24,0.010589,4.772196
9.11496887e-07,0.768671,5.067280,1.06719122e-23,0.010679,5.067280
7.84347394e-07,1.118856,0.141864,1.05840944e-23,-0.002267,0.141864
7.74992526e-07,0.888324,2.880029,1.05344668e-23,0.004468,2.880029
7.55267138e-07,2.824091,4.738945,9.93714281e-24,0.010486,4.738945
8.52608722e-07,2.242216,2.729483,9.37418456e-24,0.005205,2.729483
5.18844036e-07,1.280137,2.737535,1.02356531e-23,-0.003408,2.737535
9.29258513e-07,0.465532,2.568132,1.03163892e-23,0.017012,2.568132
8.00697498e-07,0.368567,4.104991,1.01462418e-23,0.011735,4.104991
8.33872845e-07,1.398227,3.010681,1.03592307e-23,-0.011299,3.010681
6.52177597e-07,1.461812,0.886764,1.01556554e-23,-0.007595,0.886764
7.21230353e-07,2.157338,5.827121,9.54127406e-24,0.001622,5.827121
8.04501041e-07,1.684211,2.521540,9.80881257e-24,-0.011369,2.521540
6.72270914e-07,1.346829,0.422434,1.02942816e-23,-0.006522,0.422434
6.40295794e-07,0.886266,0.867136,1.03780136e-23,0.003151,0.867136
6.87350756e-07,2.592932,1.998571,9.82277155e-24,0.007936,1.998571
8.48078004e-07,2.033020,5.129615,9.34269725e-24,-0.002319,5.129615
9.90968646e-07,1.813547,0.599419,9.09665633e-24,-0.019586,0.599419
6.64501487e-07,1.976189,3.106496,9.62552966e-24,-0.002715,3.106496
9.23200719e-07,2.941324,5.565207,9.96504543e-24,0.017548,5.565207
9.38094832e-07,2.821953,5.404720,9.87196640e-24,0.018451,5.404720
9.90178797e-07,1.429072,6.049404,1.05922179e-23,-0.024012,6.049404
3.97267993e-07,1.699015,0.993583,9.94982880e-24,-0.003312,0.993583
3.82831593e-07,2.292214,3.591173,9.87123762e-24,0.001641,3.591173
3.79177137e-07,2.130912,1.714838,9.85337320e-24,0.000329,1.714838
6.96630785e-07,1.034898,5.274966,1.04751924e-23,0.000303,5.274966
9.68837287e-07,0.800267,6.138738,1.09155984e-23,0.012686,6.138738
6.75256843e-07,0.768533,5.898786,1.03524345e-23,0.005446,5.898786
8.52242271e-07,2.884343,4.660025,9.94849681e-24,0.013818,4.660025
9.18697015e-07,1.228765,0.431710,1.07729785e-23,-0.008544,0.431710
4.69990658e-07,2.090177,6.098223,9.78575759e-24,-0.000054,6.098223
5.72445148e-07,1.514322,5.064854,1.00772894e-23,-0.006345,5.064854
6.75942339e-07,2.691771,3.522570,9.88792582e-24,0.008179,3.522570
9.19006438e-07,2.029019,2.863784,9.16762225e-24,-0.003116,2.863784
2.85873628e-07,0.796434,5.977687,1.01086033e-23,0.001274,5.977687
9.58632010e-07,2.425397,2.630838,9.29936817e-24,0.014785,2.630838
5.48326951e-07,2.226496,5.564558,9.73726965e-24,0.002028,5.564558
9.03324886e-07,1.865764,3.611000,9.37208502e-24,-0.009990,3.611000
9.60373767e-07,0.567814,6.050168,1.05142307e-23,0.018350,6.050168
9.72969150e-07,2.355743,0.661744,9.12123402e-24,0.013632,0.661744
8.04572990e-07,2.481042,3.993769,9.64731341e-24,0.009577,3.993769
6.22792645e-07,0.578789,4.602964,1.02027503e-23,0.006484,4.602964
8.84950041e-07,2.812363,4.988498,9.89101384e-24,0.015151,4.988498
9.13132688e-07,1.715712,0.459699,9.64860211e-24,-0.015216,0.459699
9.97443232e-07,1.240869,3.064990,1.13512901e-23,-0.016397,3.064990
8.47742668e-07,1.548371,3.871072,1.00686657e-23,-0.013675,3.871072
5.97103635e-07,0.356996,4.356613,1.00885399e-23,0.006784,4.356613
9.83254257e-07,2.385631,1.837694,9.09249500e-24,0.016081,1.837694
9.07571703e-07,1.483275,3.159744,1.02457458e-23,-0.015971,3.159744
4.47687294e-07,0.925834,2.863412,1.02266882e-23,0.001355,2.863412
2.17395790e-07,2.380552,2.298986,9.96544212e-24,0.000930,2.298986
8.82141746e-07,2.180355,3.780727,9.27696420e-24,0.003439,3.780727
9.81238512e-07,0.897879,0.276215,1.11368337e-23,0.009089,0.276215
3.87841647e-07,1.018341,3.702075,1.01935113e-23,0.000270,3.702075
9.16150779e-07,1.324727,0.389146,1.06144402e-23,-0.012345,0.389146
9.14459775e-07,1.640743,1.900388,9.83468805e-24,-0.016603,1.900388
7.75591305e-07,0.799873,1.036743,1.04780209e-23,0.006498,1.036743
4.79192882e-07,1.397029,5.315852,1.01453549e-23,-0.004134,5.315852
8.20349406e-07,1.804721,2.496566,9.59772182e-24,-0.009459,2.496566
7.64953075e-07,2.383001,5.329165,9.60614587e-24,0.007097,5.329165
9.47503478e-07,0.653045,5.727350,1.06088077e-23,0.015566,5.727350
5.65600118e-07,1.479260,3.677957,1.01099803e-23,-0.006059,3.677957
7.75403722e-07,1.367519,3.936617,1.03529740e-23,-0.009026,3.936617
3.69177701e-07,1.112267,3.261242,1.01787034e-23,-0.000576,3.261242
2.40755889e-07,1.426461,4.859586,1.00569971e-23,-0.001508,4.859586
5.22335007e-07,1.227821,2.265345,1.02622037e-23,-0.002728,2.265345
6.00282519e-07,1.901410,0.389831,9.72228120e-24,-0.003655,0.389831
9.72290020e-07,1.251022,5.272499,1.09582639e-23,-0.012352,5.272499
4.27011332e-07,1.721916,4.618274,9.92843192e-24,-0.003584,4.618274
7.17606072e-07,2.182457,6.167150,9.55211086e-24,0.002220,6.167150
8.66347386e-07,1.703918,5.013181,9.72620142e-24,-0.013253,5.013181
7.80230043e-07,1.918772,2.353375,9.52107965e-24,-0.005438,2.353375
7.84833688e-07,1.532125,3.544315,1.00900933e-23,-0.011409,3.544315
6.71468456e-07,1.068875,3.136904,1.04450551e-23,-0.000504,3.136904
5.60032833e-07,1.015026,6.279630,1.03305532e-23,0.000538,6.279630
7.86523619e-07,1.827234,1.009496,9.60661281e-24,-0.008071,1.009496
9.22938509e-07,1.678693,1.887508,9.72824933e-24,-0.016569,1.887508
7.40521423e-07,1.217443,3.023466,1.04730946e-23,-0.004747,3.023466
9.83279184e-07,0.416863,4.849318,1.03470250e-23,0.023650,4.849318
7.14220165e-07,1.930737,4.388761,9.59387742e-24,-0.004262,4.388761
7.22172813e-07,2.393609,4.708812,9.65805222e-24,0.006499,4.708812
7.77484415e-07,1.413096,3.653650,1.02876918e-23,-0.009924,3.653650
6.61650978e-07,1.866797,5.647280,9.69155782e-24,-0.005034,5.647280
5.19439326e-07,1.321991,2.554015,1.02127010e-23,-0.003931,2.554015
7.04436728e-07,1.580172,5.583266,1.00066365e-23,-0.009271,5.583266
5.11863063e-07,1.157497,6.004428,1.02764555e-23,-0.001632,6.004428
6.06922400e-07,2.725685,3.416097,9.92600295e-24,0.006860,3.416097
6.37809721e-07,0.699344,1.699824,1.02814336e-23,0.005737,1.699824
9.11795974e-07,0.707748,2.254693,1.05984301e-23,0.012274,2.254693
8.42567836e-07,2.349838,4.170540,9.47625692e-24,0.008026,4.170540
8.83794183e-07,1.486633,3.215947,1.02205721e-23,-0.014781,3.215947
9.73962381e-07,1.809293,0.025341,9.25172856e-24,-0.016728,0.025341
7.89683169e-07,2.827294,3.883406,9.93088009e-24,0.011508,3.883406
6.88308702e-07,1.129406,0.832578,1.04538574e-23,-0.002014,0.832578
3.72897055e-07,1.432375,0.467489,1.00889939e-23,-0.002961,0.467489
5.71089640e-07,2.233544,5.589481,9.71951590e-24,0.002275,5.589481
8.67340744e-07,0.799230,0.533599,1.06133050e-23,0.008444,0.533599
3.99203050e-07,1.766652,4.567787,9.91605234e-24,-0.002969,4.567787
2.90169489e-07,2.512685,1.236996,9.95730265e-24,0.001834,1.236996
7.10362795e-07,2.314535,1.723790,9.61941350e-24,0.004975,1.723790
3.51367731e-07,0.980317,4.083349,1.01671674e-23,0.000528,4.083349
4.04183776e-07,1.344598,1.424306,1.01402687e-23,-0.002816,1.424306
3.54090737e-07,0.980597,4.581133,1.01689365e-23,0.000532,4.581133
9.55410820e-07,2.077708,4.278721,9.00527405e-24,-0.000925,4.278721
7.35898979e-07,2.245203,1.853689,9.55324305e-24,0.003842,1.853689
9.28250719e-07,2.667751,2.514291,9.71544517e-24,0.016873,2.514291
9.29780906e-07,1.933734,1.218963,9.20829019e-24,-0.007939,1.218963
8.27938391e-07,2.801623,0.805600,9.90430392e-24,0.012739,0.805600
6.79324348e-07,2.343212,4.753010,9.66705789e-24,0.005051,4.753010
9.29630225e-07,0.798789,2.065363,1.07554212e-23,0.010490,2.065363
8.67270129e-07,1.853538,2.739772,9.46064980e-24,-0.009301,2.739772
6.17871468e-07,1.225007,5.471954,1.03417811e-23,-0.003555,5.471954
9.11715000e-07,1.660931,0.388841,9.78488181e-24,-0.016172,0.388841
9.90773495e-07,2.305995,3.615207,8.86534373e-24,0.013705,3.615207
5.94899340e-07,1.840934,3.910693,9.76416342e-24,-0.004598,3.910693
8.07572191e-07,0.831733,5.707015,1.05442167e-23,0.006345,5.707015
9.90796057e-07,1.549635,3.839769,1.01096072e-23,-0.026769,3.839769
4.74389524e-07,0.574433,2.975687,1.01353415e-23,0.004160,2.975687
4.86575619e-07,1.701734,0.303588,9.92147371e-24,-0.004537,0.303588
6.89273523e-07,1.763657,3.692581,9.76754730e-24,-0.007341,3.692581
4.95200304e-07,0.808627,3.149993,1.02309576e-23,0.002867,3.149993
9.71385184e-07,0.841216,0.132747,1.09876119e-23,0.011138,0.132747
6.33207954e-07,1.849641,0.525467,9.72855256e-24,-0.004966,0.525467
7.17082555e-07,0.564168,3.363168,1.02451487e-23,0.008477,3.363168
9.66114786e-07,2.584159,5.430620,9.52616276e-24,0.019151,5.430620
6.57079731e-07,1.220016,3.610833,1.03811956e-23,-0.003853,3.610833
8.02954469e-07,0.774139,2.669929,1.04924841e-23,0.007551,2.669929
8.25687066e-07,1.427236,4.766043,1.03003843e-23,-0.011588,4.766043
9.71490869e-07,3.055179,2.508144,1.00072220e-23,0.022303,2.508144
7.92757512e-07,2.439482,2.384819,9.62225779e-24,0.008648,2.384819
8.51411876e-07,1.085896,5.629390,1.07106994e-23,-0.001472,5.629390
9.56937594e-07,1.149192,4.078587,1.10032485e-23,-0.005752,4.078587
8.99207262e-07,2.479870,2.567726,9.52331841e-24,0.012701,2.567726
8.01757115e-07,2.666323,1.911628,9.81456630e-24,0.011314,1.911628
5.27972737e-07,0.967492,4.408327,1.02967224e-23,0.001185,4.408327
9.74227869e-07,1.339266,5.115663,1.07723590e-23,-0.017083,5.115663
9.97560082e-07,0.537201,1.803786,1.06932822e-23,0.028346,1.803786
2.62480976e-07,2.269450,5.314282,9.93412881e-24,0.000831,5.314282
8.76112942e-07,2.789920,0.474686,9.87727567e-24,0.014666,0.474686
7.28456685e-07,1.707410,1.202219,9.81481268e-24,-0.008995,1.202219
6.43431622e-07,1.607364,3.663001,9.97512784e-24,-0.007819,3.663001
6.15112705e-07,1.509034,3.222178,1.00905971e-23,-0.007143,3.222178
4.96533071e-07,1.980850,2.204123,9.77714731e-24,-0.001600,2.204123
5.65727470e-07,2.270141,1.545285,9.73538701e-24,0.002758,1.545285
9.73680630e-07,2.030480,1.927984,8.90321214e-24,-0.003988,1.927984
7.39745298e-07,2.298128,6.123170,9.57689278e-24,0.005044,6.123170
9.89220933e-07,2.119791,4.555022,8.70881358e-24,0.001798,4.555022
9.51043081e-07,0.285261,0.532086,1.01461623e-23,0.019677,0.532086
6.68907523e-07,1.324378,0.118810,1.03133663e-23,-0.006076,0.118810
9.34615447e-07,2.534580,1.613567,9.52936767e-24,0.015587,1.613567
9.90407350e-07,1.201190,2.552143,1.12318057e-23,-0.011263,2.552143
8.92705036e-07,1.504565,0.027651,1.01833739e-23,-0.015426,0.027651
6.91980288e-07,1.083220,1.334372,1.04676340e-23,-0.000887,1.334372
4.82537354e-07,0.394547,1.203888,1.00787906e-23,0.004741,1.203888
7.87256905e-07,0.918935,1.076872,1.05677334e-23,0.003805,1.076872
8.12255493e-07,0.204307,6.146130,1.00608551e-23,0.012364,6.146130
5.52332940e-07,2.489398,5.268333,9.83738728e-24,0.004855,5.268333
9.71420381e-07,1.831889,0.268309,9.21057141e-24,-0.015356,0.268309
9.19615602e-07,1.487359,0.543088,1.02452220e-23,-0.016751,0.543088
8.16982322e-07,0.708095,4.370395,1.04514875e-23,0.009141,4.370395
9.36113612e-07,1.477272,3.540844,1.02887912e-23,-0.017737,3.540844
6.15221646e-07,0.961076,2.610556,1.03756682e-23,0.001647,2.610556
8.34610010e-07,0.652337,1.046196,1.04178570e-23,0.010545,1.046196
7.24774699e-07,1.222623,3.762687,1.04510112e-23,-0.004684,3.762687
8.26512533e-07,1.328373,5.345163,1.04626907e-23,-0.009399,5.345163
9.14426214e-07,1.686398,2.227704,9.71823466e-24,-0.015905,2.227704
9.52370423e-07,1.150956,4.344935,1.09789304e-23,-0.005715,4.344935
8.97431916e-07,1.486381,6.215958,1.02304257e-23,-0.015460,6.215958
3.04442961e-07,2.517058,3.536023,9.95332905e-24,0.001984,3.536023
9.75852715e-07,1.135892,3.332303,1.11385277e-23,-0.005632,3.332303
8.62572776e-07,1.054756,4.949345,1.07380790e-23,-0.000295,4.949345
9.52394797e-07,1.490018,2.149051,1.02712569e-23,-0.019333,2.149051
9.06958276e-07,1.826445,2.932384,9.42850407e-24,-0.011601,2.932384
5.35058498e-07,1.057517,5.444458,1.03091220e-23,-0.000162,5.444458
8.99487380e-07,1.605026,0.928228,9.93359815e-24,-0.016038,0.928228
6.15525478e-07,1.795581,5.795322,9.78503989e-24,-0.005573,5.795322
5.57752798e-07,0.239343,2.056443,1.00479847e-23,0.006149,2.056443
8.88726329e-07,1.460698,6.118011,1.02841001e-23,-0.014642,6.118011
7.14597380e-07,1.158788,3.474237,1.04745700e-23,-0.002932,3.474237
8.87472414e-07,0.578753,2.077715,1.04004212e-23,0.013511,2.077715
4.77120416e-07,1.886563,3.032802,9.82138137e-24,-0.002689,3.032802
6.00615365e-07,2.008466,4.840829,9.68016486e-24,-0.001656,4.840829
6.72469297e-07,1.987771,6.086409,9.61255462e-24,-0.002504,6.086409
9.81681172e-07,1.841097,4.061719,9.11971400e-24,-0.016149,4.061719
7.86868822e-07,1.725177,0.188790,9.75135162e-24,-0.010235,0.188790
8.02197607e-07,0.549664,2.180747,1.02898587e-23,0.010784,2.180747
7.29840841e-07,3.075122,1.088218,1.00168731e-23,0.009922,1.088218
9.66474006e-07,1.585307,0.647102,9.97103077e-24,-0.021567,0.647102
9.67710137e-07,1.735489,0.389046,9.48336769e-24,-0.018934,0.389046
6.73560722e-07,0.618145,5.656012,1.02552899e-23,0.007137,5.656012
7.81016916e-07,1.804088,1.712439,9.64182587e-24,-0.008505,1.712439
9.12886495e-07,2.226527,3.598902,9.22279746e-24,0.005716,3.598902
7.47383529e-07,1.414920,2.711970,1.02644007e-23,-0.009184,2.711970
9.55302740e-07,0.620553,4.684334,1.05817146e-23,0.016891,4.684334
8.28521781e-07,1.905037,0.596122,9.46305376e-24,-0.006670,0.596122
8.78816076e-07,1.657670,3.554109,9.81706052e-24,-0.014513,3.554109
9.42798021e-07,1.011939,4.924214,1.09719742e-23,0.001809,4.924214
4.96833879e-07,0.753345,2.536125,1.02128849e-23,0.003376,2.536125
6.29368533e-07,1.624893,1.395083,9.95618183e-24,-0.007464,1.395083
1.58265484e-07,0.675537,4.931216,1.00487428e-23,0.000687,4.931216
6.31088644e-07,1.983643,5.182841,9.65731366e-24,-0.002324,5.182841
8.53184761e-07,1.221784,4.035151,1.06340221e-23,-0.006636,4.035151
8.24576057e-07,1.362016,2.939608,1.04097867e-23,-0.010201,2.939608
9.19743922e-07,0.487597,3.952704,1.03315252e-23,0.016201,3.952704
6.59287308e-07,2.213511,4.951943,9.62849582e-24,0.002524,4.951943
6.06667005e-07,2.333349,0.903713,9.72623161e-24,0.004010,0.903713
9.41589866e-07,1.986000,5.800688,9.11301301e-24,-0.005672,5.800688
7.11860571e-07,1.988080,0.342680,9.56720529e-24,-0.002774,0.342680
8.68728291e-07,1.109962,4.065802,1.07408625e-23,-0.002524,4.065802
7.01204410e-07,1.787006,4.754363,9.73280351e-24,-0.007185,4.754363
9.60764653e-07,1.408933,2.360733,1.05275305e-23,-0.018257,2.360733
7.83395169e-07,0.905817,4.184919,1.05556013e-23,0.004116,4.184919
7.99606776e-07,2.655919,2.039665,9.80728668e-24,0.011185,2.039665
9.90696034e-07,2.048009,0.026974,8.68914708e-24,-0.003415,0.026974
8.83476966e-07,1.237552,1.633083,1.06763861e-23,-0.007905,1.633083
6.11526880e-07,2.485423,5.252855,9.80112799e-24,0.005726,5.252855
8.73198666e-07,1.477394,1.054613,1.02345696e-23,-0.014174,1.054613
7.91629886e-07,2.449854,0.169011,9.63259895e-24,0.008786,0.169011
8.86515379e-07,1.567352,3.732619,1.00286968e-23,-0.015446,3.732619
6.89275363e-07,1.637035,0.113164,9.92818867e-24,-0.008716,0.113164
8.69144140e-07,2.082339,2.761918,9.28822483e-24,-0.000481,2.761918
3.75599064e-07,1.099238,1.967367,1.01839423e-23,-0.000472,1.967367
5.73956068e-07,1.844611,3.440611,9.77673449e-24,-0.004275,3.440611
6.77757048e-07,2.755055,0.348898,9.92091603e-24,0.008406,0.348898
5.26958618e-07,0.097505,1.786732,1.00245272e-23,0.005624,1.786732
8.82649053e-07,2.453620,4.314576,9.51945412e-24,0.011523,4.314576
9.81490241e-07,1.832505,5.284248,9.14262152e-24,-0.016583,5.284248
4.44006017e-07,2.070190,0.040120,9.80634753e-24,-0.000284,0.040120
9.94900257e-07,2.300250,4.236242,8.76455637e-24,0.014450,4.236242
6.73033480e-07,0.830590,4.444214,1.03850270e-23,0.004443,4.444214
6.79240729e-07,1.861628,6.083080,9.67977219e-24,-0.005385,6.083080
9.11768197e-07,1.112499,6.155568,1.08504937e-23,-0.003030,6.155568
7.47210944e-07,2.047478,0.308501,9.50405347e-24,-0.001340,0.308501
8.93404903e-07,0.297550,2.060647,1.01292722e-23,0.015652,2.060647
4.83925669e-07,1.592882,0.707525,1.00032876e-23,-0.004893,0.707525
5.96401105e-07,2.327356,5.356115,9.73200471e-24,0.003817,5.356115
7.79426830e-07,2.539012,4.333896,9.72209357e-24,0.009637,4.333896
6.06217641e-07,1.842520,5.128576,9.75469008e-24,-0.004722,5.128576
8.32398320e-07,2.090704,1.952447,9.36335120e-24,-0.000132,1.952447
4.94980802e-07,3.065776,3.079716,1.00180227e-23,0.005085,3.079716
7.06829083e-07,2.096329,0.722543,9.55267891e-24,0.000049,0.722543
9.77538287e-07,0.788082,6.243428,1.09543253e-23,0.014016,6.243428
7.93923203e-07,2.065490,4.052014,9.43191704e-24,-0.000933,4.052014
3.97743037e-07,1.376654,1.940777,1.01232184e-23,-0.002963,1.940777
8.90450744e-07,0.408336,2.948779,1.02205780e-23,0.015129,2.948779
7.52425628e-07,2.266175,0.560241,9.54314477e-24,0.004506,0.560241
8.18344444e-07,2.028367,0.511004,9.39943858e-24,-0.002293,0.511004
9.20421377e-07,0.293023,2.267163,1.01366826e-23,0.017240,2.267163
9.31700877e-07,1.856600,5.432525,9.31462183e-24,-0.011509,5.432525
8.70134919e-07,1.170389,6.272212,1.07114637e-23,-0.004977,6.272212
9.43606367e-07,1.807520,4.729500,9.37565877e-24,-0.014184,4.729500
9.99468275e-07,1.205623,0.044758,1.16404235e-23,-0.015576,0.044758
5.80504613e-07,2.771085,1.135658,9.95038189e-24,0.006449,1.135658
3.60627178e-07,1.130056,3.054466,1.01715029e-23,-0.000708,3.054466
7.97172556e-07,1.917900,5.941435,9.49830504e-24,-0.005720,5.941435
8.68959874e-07,0.879930,3.398502,1.06854365e-23,0.006105,3.398502
9.27759167e-07,2.112136,4.039694,9.12448191e-24,0.000859,4.039694
9.03804319e-07,1.259482,5.052252,1.06934266e-23,-0.009360,5.052252
7.76033935e-07,1.667334,2.737708,9.85262962e-24,-0.010713,2.737708
8.86471414e-07,2.214882,2.202006,9.28472186e-24,0.004794,2.202006
9.39298382e-07,1.040158,2.089325,1.09613370e-23,0.000359,2.089325
6.75453563e-07,1.724306,0.052104,9.82158565e-24,-0.007612,0.052104
9.61924991e-07,0.471685,0.977245,1.03744505e-23,0.019789,0.977245
6.95392962e-07,2.456770,3.053236,9.72520935e-24,0.006876,3.053236
2.48556246e-07,2.806567,3.030180,1.00050051e-23,0.001732,3.030180
9.63465237e-07,0.763470,2.924815,1.08335886e-23,0.013640,2.924815
8.23038952e-07,2.242010,3.702492,9.42689858e-24,0.004773,3.702492
5.72593957e-07,2.924898,1.909109,9.99660582e-24,0.006431,1.909109
6.11451429e-07,0.135767,2.470486,1.00307561e-23,0.007202,2.470486
1.40109443e-07,1.459763,3.560378,1.00330040e-23,-0.000698,3.560378
7.29520560e-07,2.137145,1.835559,9.52688860e-24,0.001136,1.835559
8.64119573e-07,0.620284,5.411524,1.04187626e-23,0.012001,5.411524
6.95467197e-07,0.676830,5.453465,1.03100109e-23,0.006970,5.453465
8.95140318e-07,2.301515,0.241056,9.33158778e-24,0.007979,0.241056
5.25303282e-07,2.603189,3.473229,9.89976639e-24,0.005053,3.473229
9.42967505e-07,2.081833,5.332754,9.06419436e-24,-0.000655,5.332754
4.97797233e-07,1.700764,5.035036,9.91851537e-24,-0.004712,5.035036
7.61800834e-07,2.057967,5.270434,9.48175874e-24,-0.001080,5.270434
9.83958065e-07,2.133711,5.388858,8.78980854e-24,0.002606,5.388858
3.58720769e-07,1.933432,2.011262,9.88205332e-24,-0.001355,2.011262
6.07564764e-07,2.620772,4.681564,9.87585460e-24,0.006517,4.681564
9.23498250e-07,0.540729,3.955378,1.04025019e-23,0.015864,3.955378
7.03396763e-07,2.583512,6.110378,9.80770620e-24,0.008218,6.110378
6.55629746e-07,2.261575,0.481328,9.64990805e-24,0.003398,0.481328
5.26143987e-07,1.516058,4.777100,1.00684025e-23,-0.005528,4.777100
8.41131388e-07,1.166107,3.390548,1.06568454e-23,-0.004406,3.390548
8.30050545e-07,0.916369,6.215744,1.06352551e-23,0.004362,6.215744
5.39587303e-07,2.147307,4.376169,9.73033669e-24,0.000826,4.376169
7.31734687e-07,2.439964,3.008180,9.68266166e-24,0.007350,3.008180
3.02330815e-07,1.324528,0.422463,1.01025381e-23,-0.001706,0.422463
5.65232082e-07,1.085021,0.505379,1.03348199e-23,-0.000655,0.505379
9.07696850e-07,0.866215,1.923473,1.07640478e-23,0.007430,1.923473
7.79517510e-07,0.415759,2.890053,1.01704347e-23,0.010927,2.890053
6.55438981e-07,1.321829,1.587035,1.03051631e-23,-0.005815,1.587035
5.35404647e-07,1.430724,1.011011,1.01431489e-23,-0.005226,1.011011
8.23193348e-07,1.418130,4.766075,1.03146188e-23,-0.011345,4.766075
8.76898800e-07,1.233110,3.488829,1.06678174e-23,-0.007572,3.488829
8.65880777e-07,0.607446,0.982784,1.04067600e-23,0.012248,0.982784
4.73692016e-07,1.275074,1.084436,1.02086500e-23,-0.002889,1.084436
9.40811025e-07,2.727371,4.101729,9.77154017e-24,0.018248,4.101729
8.95860723e-07,2.453575,6.006055,9.49713717e-24,0.012034,6.006055
7.74934169e-07,1.835088,1.165450,9.61013098e-24,-0.007629,1.165450
8.88163699e-07,2.685990,6.170845,9.77521660e-24,0.014740,6.170845
9.16838782e-07,1.111856,3.227223,1.08664161e-23,-0.003057,3.227223
8.61530872e-07,1.495975,1.480873,1.01868435e-23,-0.013892,1.480873
5.23405981e-07,0.648410,2.049039,1.01862517e-23,0.004471,2.049039
1.89764006e-07,0.678737,1.675850,1.00579497e-23,0.000898,1.675850
9.08970486e-07,1.804636,5.171748,9.46444740e-24,-0.012449,5.171748
2.86015293e-07,1.465369,4.669097,1.00557105e-23,-0.002058,4.669097
9.53152397e-07,2.428418,0.630772,9.32427465e-24,0.014453,0.630772
8.93445662e-07,2.681646,4.154961,9.76636575e-24,0.014970,4.154961
9.46135908e-07,1.144451,2.330276,1.09554740e-23,-0.005198,2.330276
9.40404209e-07,1.570392,1.845524,1.00215239e-23,-0.018877,1.845524
4.42805794e-07,2.473061,0.400921,9.88667021e-24,0.003324,0.400921
8.09987915e-07,1.167622,3.239311,1.06022699e-23,-0.004086,3.239311
9.84963170e-07,0.412710,1.405816,1.03463042e-23,0.024092,1.405816
5.25769434e-07,0.576010,0.073496,1.01566432e-23,0.004900,0.073496
7.01642444e-07,0.959101,0.442338,1.04690683e-23,0.002128,0.442338
5.68331162e-07,2.433450,2.043087,9.80157520e-24,0.004637,2.043087
6.19001232e-07,1.068367,3.289338,1.03883705e-23,-0.000426,3.289338
4.44961384e-07,0.648786,4.398832,1.01485301e-23,0.003449,4.398832
6.26604290e-07,1.660419,4.303954,9.91583936e-24,-0.007220,4.303954
9.98686284e-07,2.380184,4.401051,8.74860385e-24,0.021523,4.401051
9.99401293e-07,2.633245,3.021017,9.33102850e-24,0.032791,3.021017
8.72662413e-07,2.231193,1.387224,9.32631268e-24,0.005156,1.387224
4.74989017e-07,0.650273,4.234463,1.01630014e-23,0.003816,4.234463
7.96694217e-07,0.555199,5.576102,1.02906691e-23,0.010573,5.576102
7.40639120e-07,0.466185,3.692609,1.01886345e-23,0.009643,3.692609
8.83583519e-07,0.410855,1.473031,1.02184736e-23,0.014781,1.473031
8.64130030e-07,2.171257,2.593992,9.31400236e-24,0.002921,2.593992
7.14990909e-07,1.099375,2.175007,1.04932785e-23,-0.001369,2.175007
7.72692646e-07,0.603205,3.939414,1.03137187e-23,0.009457,3.939414
8.18968920e-07,1.658586,4.366012,9.84829159e-24,-0.012149,4.366012
7.93108081e-07,2.499729,4.280684,9.67561716e-24,0.009531,4.280684
9.55565981e-07,1.754311,4.690081,9.46873529e-24,-0.017052,4.690081
7.90067316e-07,0.604287,3.614064,1.03287782e-23,0.009900,3.614064
9.36115828e-07,0.914274,6.239037,1.08934143e-23,0.006297,6.239037
7.48111486e-07,1.110865,3.596968,1.05340998e-23,-0.001827,3.596968
6.13322023e-07,2.093741,3.161894,9.65745004e-24,-0.000013,3.161894
9.45345807e-07,0.998300,4.472443,1.09791950e-23,0.002524,4.472443
7.55005716e-07,0.487830,5.073155,1.02107801e-23,0.009905,5.073155
7.22635151e-07,1.754637,5.343646,9.75537448e-24,-0.008173,5.343646
7.26636462e-07,1.303275,5.848334,1.03842110e-23,-0.006636,5.848334
5.84535911e-07,2.498789,4.156458,9.82409605e-24,0.005406,4.156458
9.08180171e-07,1.897251,3.829459,9.31593837e-24,-0.008880,3.829459
6.79846912e-07,0.805344,0.060579,1.03780209e-23,0.004946,0.060579
8.20148984e-07,0.610232,0.017167,1.03611841e-23,0.010684,0.017167
7.26082440e-07,2.523470,6.206845,9.75005607e-24,0.008210,6.206845
9.50247475e-07,1.470714,4.817886,1.03259983e-23,-0.018794,4.817886
6.47189161e-07,1.295528,0.220780,1.03206688e-23,-0.005225,0.220780
3.86314698e-07,0.327829,3.819262,1.00490750e-23,0.003398,3.819262
7.97761148e-07,2.753014,0.264483,9.88189398e-24,0.011580,0.264483
4.65395988e-07,2.205025,2.999261,9.79905926e-24,0.001322,2.999261
2.68950599e-07,1.537715,1.176317,1.00306225e-23,-0.001971,1.176317
6.94695602e-07,2.704086,1.147786,9.88828902e-24,0.008644,1.147786
7.58773570e-07,1.419604,3.801794,1.02650030e-23,-0.009539,3.801794
9.85053165e-07,1.076302,4.256318,1.12677985e-23,-0.001992,4.256318
9.56855107e-07,0.429200,3.030521,1.03081311e-23,0.019611,3.030521
7.98916776e-07,1.373290,0.753944,1.03662696e-23,-0.009745,0.753944
6.88016532e-07,0.881169,0.052753,1.04249743e-23,0.003685,0.052753
4.84082318e-07,0.616950,3.321156,1.01548861e-23,0.004107,3.321156
6.09021183e-07,0.568536,2.282035,1.01903817e-23,0.006300,2.282035
5.61085909e-07,1.359915,1.217586,1.02112497e-23,-0.004935,1.217586
6.94806617e-07,1.219055,6.167137,1.04202817e-23,-0.004242,6.167137
8.47051275e-07,2.878566,3.479997,9.94640543e-24,0.013601,3.479997
6.50133629e-07,2.167152,5.537188,9.62620086e-24,0.001542,5.537188
5.86939396e-07,0.820498,5.399467,1.03036002e-23,0.003635,5.399467
6.94526151e-07,1.059167,2.671258,1.04726571e-23,-0.000295,2.671258
7.06125849e-07,2.263562,3.593156,9.59714251e-24,0.003931,3.593156
9.16980463e-07,1.010661,6.247527,1.08764653e-23,0.001686,6.247527
6.92587415e-07,0.689834,0.190918,1.03166354e-23,0.006766,0.190918
9.91642824e-07,1.766586,2.086788,9.23884147e-24,-0.022262,2.086788
5.52999549e-07,1.138639,0.349293,1.03154296e-23,-0.001535,0.349293
4.35744054e-07,0.493425,4.243888,1.00965370e-23,0.003868,4.243888
7.80190811e-07,1.273040,3.777417,1.04733366e-23,-0.006861,3.777417
8.27332974e-07,1.118923,0.757740,1.06551439e-23,-0.002555,0.757740
9.74952035e-07,2.837797,5.744757,9.85610428e-24,0.022626,5.744757
6.52615087e-07,0.649731,0.511466,1.02618301e-23,0.006473,0.511466
9.49484260e-07,0.043230,5.410834,1.00232169e-23,0.019686,5.410834
5.04175164e-07,1.275502,5.587943,1.02281704e-23,-0.003197,5.587943
4.31945801e-07,0.907047,5.666728,1.02122012e-23,0.001462,5.666728
8.55884746e-07,1.254469,2.868662,1.06035917e-23,-0.007854,2.868662
5.79453662e-07,2.200474,3.728346,9.70350703e-24,0.001813,3.728346
9.35693878e-07,1.354453,2.572911,1.05989419e-23,-0.014447,2.572911
8.63578335e-07,0.510652,2.998497,1.03012654e-23,0.013234,2.998497
9.99145067e-07,2.338290,6.212893,8.60222769e-24,0.019804,6.212893
8.80070213e-07,2.017940,2.031018,9.27932796e-24,-0.003189,2.031018
7.25105043e-07,1.078989,0.196742,1.05093690e-23,-0.000854,0.196742
5.91590500e-07,1.960681,3.424471,9.70298455e-24,-0.002506,3.424471
5.74164068e-07,1.857979,3.832547,9.76813910e-24,-0.004078,3.832547
9.94146335e-07,1.719009,4.545197,9.38244678e-24,-0.025446,4.545197
8.33174174e-07,1.293504,1.343258,1.05193408e-23,-0.008574,1.343258
8.12905954e-07,0.594170,4.623179,1.03392309e-23,0.010657,4.623179
7.96894219e-07,1.566437,0.488311,1.00284718e-23,-0.011876,0.488311
9.58942915e-07,2.408669,0.825738,9.27274242e-24,0.014299,0.825738
9.48994046e-07,2.090665,3.901262,9.03637935e-24,-0.000200,3.901262
6.96026307e-07,2.298164,3.743279,9.62555719e-24,0.004491,3.743279
9.12652841e-07,0.927952,4.707017,1.08259778e-23,0.005195,4.707017
6.55700179e-07,1.190565,5.234418,1.03951066e-23,-0.003205,5.234418
8.84972062e-07,2.084785,0.896122,9.25052145e-24,-0.000403,0.896122
9.77823597e-07,1.483388,2.439044,1.03375201e-23,-0.022503,2.439044
9.98718130e-07,2.379764,0.740775,8.74480935e-24,0.021547,0.740775
1.15157083e-07,0.708066,3.090463,1.00393012e-23,0.000402,3.090463
7.40169559e-07,2.409995,4.237544,9.65239560e-24,0.007077,4.237544
9.76017843e-07,1.055125,6.056851,1.11747633e-23,-0.000498,6.056851
8.08385234e-07,0.703218,5.507170,1.04368427e-23,0.009009,5.507170
7.25667236e-07,0.954717,5.057183,1.04973436e-23,0.002376,5.057183
8.96361501e-07,1.281974,3.266583,1.06441054e-23,-0.009986,3.266583
8.52879269e-07,2.012148,1.563583,9.34116749e-24,-0.003157,1.563583
6.52230751e-07,0.892135,2.299020,1.03921476e-23,0.003149,2.299020
9.20916475e-07,0.232052,5.759290,1.00937633e-23,0.017367,5.759290
7.97507620e-07,2.116306,6.232655,9.42530092e-24,0.000704,6.232655
7.11655614e-07,0.622501,0.909845,1.02835848e-23,0.007860,0.909845
9.66653381e-07,1.831961,3.495303,9.23513364e-24,-0.014884,3.495303
4.39215057e-07,1.441674,5.579368,1.01032982e-23,-0.003868,5.579368
8.49070657e-07,1.961796,5.477171,9.37833323e-24,-0.005022,5.477171
7.69832760e-07,1.592032,4.827697,9.98345646e-24,-0.011014,4.827697
6.97228822e-07,1.003624,1.935458,1.04730537e-23,0.001062,1.935458
5.39184937e-07,1.391049,4.901719,1.01761383e-23,-0.004942,4.901719
9.90511089e-07,0.959708,4.783556,1.13230244e-23,0.006135,4.783556
9.96841939e-07,1.769959,5.040659,9.12944219e-24,-0.024825,5.040659
4.81017213e-07,0.931023,4.213798,1.02524884e-23,0.001458,4.213798
8.04416583e-07,1.362944,5.577183,1.03871336e-23,-0.009665,5.577183
