5.38869084e-07,1.727208,2.928979,9.88292564e-24,-0.005149,2.928979
8.73180712e-07,3.067248,0.602945,1.00138853e-23,0.014804,0.602945
9.79889232e-07,2.504143,3.588606,9.33094435e-24,0.019398,3.588606
5.20876838e-07,1.323597,4.478343,1.02125946e-23,-0.003968,4.478343
8.99608796e-07,1.248160,4.899056,1.06989651e-23,-0.008772,4.899056
9.70435366e-07,1.973573,3.426193,8.97404678e-24,-0.007372,3.426193
8.64415232e-07,2.013550,2.005299,9.31655032e-24,-0.003213,2.005299
8.45566998e-07,0.448602,4.332847,1.02290673e-23,0.012969,4.332847
7.29374039e-07,2.035942,1.548346,9.53028127e-24,-0.001595,1.548346
9.58866605e-07,2.096525,4.119977,8.98534690e-24,0.000120,4.119977
7.82566132e-07,0.549854,1.748395,1.02759827e-23,0.010220,1.748395
9.57847407e-07,2.719369,1.885203,9.73993450e-24,0.019767,1.885203
9.72448739e-07,1.096651,4.658969,1.11348216e-23,-0.003053,4.658969
8.25956925e-07,0.315245,4.397838,1.01197932e-23,0.012722,4.397838
7.78327193e-07,1.142348,4.382888,1.05663078e-23,-0.002964,4.382888
5.72641947e-07,1.189637,5.121373,1.03176775e-23,-0.002524,5.121373
7.73003329e-07,0.589821,2.906340,1.03026813e-23,0.009601,2.906340
7.08595201e-07,1.127416,0.972727,1.04785314e-23,-0.002075,0.972727
9.02148044e-07,2.318368,3.498731,9.33146611e-24,0.008717,3.498731
6.53537530e-07,1.376226,5.183923,1.02516782e-23,-0.006644,5.183923
9.41212252e-07,1.283138,2.675655,1.07586730e-23,-0.011905,2.675655
7.65892713e-07,1.648474,5.525911,9.88823225e-24,-0.010600,5.525911
5.00464221e-07,1.155315,0.451588,1.02678292e-23,-0.001543,0.451588
7.31258857e-07,0.182949,3.510982,1.00464720e-23,0.009946,3.510982
9.42002398e-07,2.751742,3.225416,9.79785722e-24,0.018486,3.225416
9.82543113e-07,2.445121,4.100869,9.20494919e-24,0.018125,4.100869
7.89964238e-07,1.861369,4.480727,9.56288763e-24,-0.007244,4.480727
8.80230164e-07,1.031788,5.093465,1.07780761e-23,0.000632,5.093465
5.39090473e-07,2.101383,1.680220,9.72789477e-24,0.000111,1.680220
9.37524588e-07,1.208978,5.943021,1.08577165e-23,-0.008255,5.943021
9.44656760e-07,1.009260,3.267970,1.09794039e-23,0.001961,3.267970
9.97058642e-07,2.219661,3.961134,8.56080559e-24,0.009901,3.961134
9.25205544e-07,2.714599,6.238071,9.77319886e-24,0.017020,6.238071
3.01453806e-07,0.465606,1.392051,1.00590807e-23,0.002226,1.392051
5.66620678e-07,1.915666,1.113694,9.74302713e-24,-0.003086,1.113694
4.57004537e-07,1.472470,5.373928,1.00884393e-23,-0.004268,5.373928
6.72202900e-07,2.100673,3.840764,9.59406054e-24,0.000145,3.840764
8.34635509e-07,1.095419,5.492679,1.06757077e-23,-0.001750,5.492679
8.99004326e-07,0.944270,1.453527,1.07976813e-23,0.004315,1.453527
7.86867827e-07,2.442032,3.026131,9.63078720e-24,0.008551,3.026131
7.96148669e-07,2.679438,1.927496,9.82812714e-24,0.011215,1.927496
8.94638867e-07,1.226848,1.509556,1.07136057e-23,-0.007766,1.509556
8.74968431e-07,0.424569,5.543287,1.02256807e-23,0.014312,5.543287
8.21668689e-07,1.358905,5.195987,1.04114375e-23,-0.010044,5.195987
6.70028720e-07,1.801803,3.569904,9.74107565e-24,-0.006364,3.569904
8.14164018e-07,1.258452,1.275788,1.05334936e-23,-0.007089,1.275788
9.91977489e-07,2.481520,1.314705,9.18087319e-24,0.021593,1.314705
9.94087903e-07,1.323102,5.507230,1.10117144e-23,-0.020398,5.507230
7.33948995e-07,1.065638,2.776670,1.05222639e-23,-0.000506,2.776670
7.81033103e-07,0.563466,1.156358,1.02863812e-23,0.010061,1.156358
7.47587390e-07,1.685021,4.182650,9.83768101e-24,-0.009742,4.182650
7.87442857e-07,1.804920,0.451038,9.63408269e-24,-0.008635,0.451038
9.70756312e-07,0.623605,5.282213,1.06401852e-23,0.018426,5.282213
9.93245415e-07,0.513235,5.620658,1.05717500e-23,0.025690,5.620658
5.45040560e-07,1.613779,2.270600,9.98024487e-24,-0.005890,2.270600
8.11342350e-07,2.156110,3.648713,9.40949378e-24,0.002028,3.648713
4.84526693e-07,1.034137,5.146019,1.02663861e-23,0.000174,5.146019
3.71701295e-07,2.801553,5.194665,9.99121488e-24,0.003195,5.194665
9.80114052e-07,1.575906,0.986933,1.00011596e-23,-0.023826,0.986933
7.83970712e-07,1.713681,1.528764,9.77179396e-24,-0.010339,1.528764
7.45913383e-07,1.542859,4.357526,1.00657939e-23,-0.010316,4.357526
9.05659411e-07,1.257241,0.251439,1.07009676e-23,-0.009330,0.251439
3.49038322e-07,1.657400,1.383446,9.98067982e-24,-0.002840,1.383446
7.41300191e-07,1.953701,5.153052,9.54769572e-24,-0.003956,5.153052
9.76481674e-07,1.135086,2.380377,1.11445988e-23,-0.005607,2.380377
8.64998005e-07,0.542137,3.797374,1.03352139e-23,0.012995,3.797374
8.41317026e-07,1.521380,3.961022,1.01245097e-23,-0.013293,3.961022
8.93445923e-07,2.003153,0.755728,9.25397676e-24,-0.003978,0.755728
7.95133218e-07,0.708924,6.229456,1.04269874e-23,0.008593,6.229456
2.25182584e-07,0.406595,4.801759,1.00395568e-23,0.001466,4.801759
6.61013948e-07,2.084301,3.348247,9.60682450e-24,-0.000227,3.348247
9.39100690e-07,1.722033,0.524310,9.59166207e-24,-0.016706,0.524310
9.36209683e-07,1.410191,6.091224,1.04675160e-23,-0.016246,6.091224
9.88631514e-07,2.717830,6.173564,9.66247220e-24,0.025038,6.173564
9.95793755e-07,0.547754,2.004581,1.06779020e-23,0.026516,2.004581
6.16112670e-07,2.109873,2.779936,9.65493128e-24,0.000306,2.779936
6.43990847e-07,0.457331,1.677805,1.01456289e-23,0.007476,1.677805
7.13421211e-07,1.449213,4.843108,1.01973019e-23,-0.008818,4.843108
4.47888439e-07,1.242830,5.842737,1.02046503e-23,-0.002301,5.842737
9.51518431e-07,2.213940,2.824425,9.07259270e-24,0.006127,2.824425
4.79320817e-07,1.386396,5.225958,1.01521495e-23,-0.004051,5.225958
9.10916273e-07,1.808206,3.121570,9.45372680e-24,-0.012414,3.121570
2.27624870e-07,1.637097,2.905234,1.00043751e-23,-0.001507,2.905234
7.67695125e-07,3.073203,5.443193,1.00162834e-23,0.010975,5.443193
9.77494578e-07,2.326656,3.128169,9.04584104e-24,0.012856,3.128169
8.91896547e-07,1.223553,2.739763,1.07110060e-23,-0.007561,2.739763
9.35522379e-07,2.798831,1.790527,9.85203986e-24,0.018175,1.790527
6.13876902e-07,0.724006,1.939314,1.02779884e-23,0.005116,1.939314
8.53249812e-07,2.055960,1.989099,9.32611922e-24,-0.001470,1.989099
3.21088542e-07,1.643013,5.118864,9.99110543e-24,-0.002528,5.118864
2.52304234e-07,1.384866,3.552880,1.00697869e-23,-0.001504,3.552880
7.79621308e-07,1.452558,3.848337,1.02259612e-23,-0.010564,3.848337
8.61189565e-07,1.573289,5.968981,1.00147233e-23,-0.014269,5.968981
5.49321390e-07,0.489849,0.924374,1.01292410e-23,0.005614,0.924374
9.38980631e-07,0.373623,0.138252,1.02224353e-23,0.018321,0.138252
4.60414272e-07,1.307344,5.746624,1.01860448e-23,-0.003098,5.746624
9.08046398e-07,0.940117,3.831293,1.08201989e-23,0.004622,3.831293
4.19243235e-07,1.453943,0.295168,1.00905269e-23,-0.003653,0.295168
2.77664294e-07,1.567633,0.503918,1.00213577e-23,-0.002080,0.503918
5.39471954e-07,1.252800,0.062105,1.02638751e-23,-0.003245,0.062105
5.23841559e-07,1.067057,2.197115,1.02990337e-23,-0.000303,2.197115
1.64994417e-07,1.060274,1.773032,1.00678263e-23,-0.000034,1.773032
4.71225423e-07,1.219359,3.505232,1.02282386e-23,-0.002210,3.505232
9.09056752e-07,0.542460,2.132737,1.03845899e-23,0.015013,2.132737
9.14619705e-07,1.005830,0.848899,1.08678512e-23,0.001888,0.848899
7.12727568e-07,2.783997,0.974888,9.92653561e-24,0.009295,0.974888
7.49820267e-07,0.687040,1.255765,1.03631318e-23,0.007916,1.255765
8.57631278e-07,1.532235,5.748371,1.01057753e-23,-0.014014,5.748371
2.25294198e-07,2.322741,2.221473,9.95656117e-24,0.000825,2.221473
7.27072510e-07,0.428402,5.189185,1.01585500e-23,0.009455,5.189185
7.41731958e-07,2.142675,0.986746,9.51153287e-24,0.001322,0.986746
5.38654361e-07,1.820687,3.560242,9.81554192e-24,-0.004157,3.560242
6.23803952e-07,1.526825,0.759716,1.00717531e-23,-0.007386,0.759716
9.71733283e-07,2.447249,1.359749,9.27604645e-24,0.016688,1.359749
9.18995998e-07,1.395211,5.016110,1.04725125e-23,-0.014761,5.016110
9.88006716e-07,2.689246,3.124642,9.61813627e-24,0.024554,3.124642
6.47418806e-07,2.394700,5.931970,9.72444850e-24,0.005333,5.931970
8.41155706e-07,1.652776,1.994292,9.84889546e-24,-0.013005,1.994292
8.23659262e-07,2.531911,5.386384,9.67661368e-24,0.010797,5.386384
5.38459956e-07,0.337696,5.751627,1.00718475e-23,0.005735,5.751627
4.70619346e-07,0.508763,1.235218,1.01114084e-23,0.004325,1.235218
9.62054255e-07,2.252954,0.517412,9.05398877e-24,0.008380,0.517412
8.36995417e-07,2.406458,6.204168,9.53753218e-24,0.009149,6.204168
9.28005020e-07,1.956673,1.410561,9.18942975e-24,-0.006786,1.410561
8.89709577e-07,1.982593,0.144692,9.27632656e-24,-0.004812,0.144692
7.20507622e-07,1.540230,3.859370,1.00668117e-23,-0.009635,3.859370
6.47458194e-07,0.980780,0.804090,1.04127951e-23,0.001402,0.804090
6.25183798e-07,2.033785,3.047170,9.65053311e-24,-0.001249,3.047170
4.12683470e-07,0.794743,2.197556,1.01748995e-23,0.002249,2.197556
8.71390680e-07,1.232710,6.117257,1.06571869e-23,-0.007427,6.117257
8.41821376e-07,2.022092,4.193736,9.35879543e-24,-0.002685,4.193736
6.79156314e-07,0.427180,2.962912,1.01413230e-23,0.008326,2.962912
9.14123009e-07,0.973144,0.184250,1.08550944e-23,0.003325,0.184250
9.60980534e-07,2.343823,1.392653,9.16985624e-24,0.012195,1.392653
8.76122092e-07,2.783313,1.828311,9.87197370e-24,0.014645,1.828311
4.82194088e-07,2.059428,1.105593,9.77711657e-24,-0.000468,1.105593
9.24260677e-07,2.554132,5.497964,9.57568178e-24,0.015263,5.497964
5.26344654e-07,2.217309,4.607541,9.75346149e-24,0.001775,4.607541
9.30881320e-07,0.343468,2.665104,1.01860497e-23,0.017824,2.665104
3.04611998e-07,0.359881,1.989462,1.00443044e-23,0.002346,1.989462
8.03028559e-07,1.752366,5.194387,9.69514038e-24,-0.010187,5.194387
8.48844416e-07,1.750509,2.634554,9.65339484e-24,-0.011641,2.634554
4.04444359e-07,2.701649,4.571446,9.96569056e-24,0.003536,4.571446
9.44652892e-07,1.483475,2.901276,1.02811669e-23,-0.018525,2.901276
9.85080964e-07,2.053545,6.156542,8.77639330e-24,-0.002803,6.156542
8.79001774e-07,2.292682,2.168362,9.35922994e-24,0.007297,2.168362
6.42294451e-07,1.702574,0.127636,9.86261004e-24,-0.007188,0.127636
9.96883550e-07,0.642369,4.184297,1.09182158e-23,0.024778,4.184297
8.35535744e-07,1.975815,5.531297,9.39378417e-24,-0.004324,5.531297
9.18109730e-07,0.627148,5.707033,1.05065965e-23,0.014253,5.707033
9.72199804e-07,1.416586,4.637998,1.05414361e-23,-0.019855,4.637998
4.46459565e-07,1.531933,4.905884,1.00466600e-23,-0.004285,4.905884
2.33897524e-07,1.962167,0.493673,9.94542829e-24,-0.000584,0.493673
8.29537579e-07,1.503054,3.507164,1.01578611e-23,-0.012714,3.507164
9.09958556e-07,2.026689,0.433813,9.19660424e-24,-0.003122,0.433813
9.58849403e-07,1.363510,3.774182,1.06437857e-23,-0.016487,3.774182
9.93686685e-07,1.811739,4.548438,9.05804021e-24,-0.020632,4.548438
3.54623324e-07,1.190570,3.853274,1.01594254e-23,-0.001190,3.853274
5.48724605e-07,0.581177,2.339714,1.01688322e-23,0.005228,2.339714
8.37507745e-07,1.333927,2.083761,1.04684949e-23,-0.009852,2.083761
5.27639032e-07,1.170991,1.474781,1.02858138e-23,-0.001922,1.474781
7.93250445e-07,1.092655,4.679667,1.06048838e-23,-0.001469,4.679667
7.93575278e-07,1.387601,4.769534,1.03396895e-23,-0.009895,4.769534
8.35974062e-07,1.219598,4.983614,1.06059815e-23,-0.006235,4.983614
4.05816592e-07,2.599485,1.006255,9.93919445e-24,0.003348,1.006255
9.34152231e-07,1.845483,0.292373,9.32734635e-24,-0.012098,0.292373
9.98659595e-07,2.000032,3.077599,8.41337240e-24,-0.008647,3.077599
8.32428542e-07,2.265904,1.612834,9.42620773e-24,0.005601,1.612834
3.75692415e-07,1.865989,2.542149,9.88934715e-24,-0.002016,2.542149
7.14201236e-07,0.194567,4.121943,1.00485749e-23,0.009502,4.121943
5.64784785e-07,1.564356,2.719660,1.00267110e-23,-0.006302,2.719660
4.27860969e-07,0.981934,2.415337,1.02196179e-23,0.000700,2.415337
3.33101212e-07,0.467333,2.903670,1.00657694e-23,0.002590,2.903670
7.36066531e-07,0.925284,1.276079,1.05002063e-23,0.003166,1.276079
8.85156543e-07,2.249022,2.670805,9.31070394e-24,0.005993,2.670805
7.09648837e-07,1.935782,1.880381,9.59594647e-24,-0.004086,1.880381
8.34613747e-07,2.565339,4.746015,9.69908661e-24,0.011535,4.746015
9.40706602e-07,0.931454,5.080955,1.09240298e-23,0.005653,5.080955
5.43456641e-07,1.670524,6.100315,9.92912701e-24,-0.005628,6.100315
3.10780817e-07,0.884617,0.777580,1.01332802e-23,0.001006,0.777580
5.20832237e-07,2.010865,4.133427,9.75123219e-24,-0.001272,4.133427
4.63576475e-07,1.747857,2.689978,9.89969394e-24,-0.003898,2.689978
9.68414562e-07,2.225865,2.246991,8.98917377e-24,0.007352,2.246991
4.70965086e-07,1.449556,2.739657,1.01076089e-23,-0.004362,2.739657
9.64075751e-07,1.263868,3.063190,1.08869816e-23,-0.012392,3.063190
9.82088178e-07,1.677453,4.363198,9.62143707e-24,-0.022912,4.363198
9.39224238e-07,0.660353,3.158963,1.05975182e-23,0.014831,3.158963
8.36031301e-07,1.356290,0.933922,1.04319213e-23,-0.010397,0.933922
6.19348454e-07,2.819300,2.720183,9.96089018e-24,0.007269,2.720183
6.06298563e-07,0.968947,0.885261,1.03684557e-23,0.001466,0.885261
8.87064889e-07,1.325182,2.554964,1.05566392e-23,-0.011175,2.554964
8.23943782e-07,1.714407,6.106999,9.74154330e-24,-0.011530,6.106999
1.36225620e-07,1.456158,1.360596,1.00328557e-23,-0.000666,1.360596
6.49889482e-07,1.859605,4.252942,9.70723852e-24,-0.005012,4.252942
9.89011526e-07,2.391180,4.202397,9.04080037e-24,0.017391,4.202397
9.42919328e-07,2.212549,3.487067,9.10936275e-24,0.005819,3.487067
7.08923358e-07,0.952260,4.798868,1.04758662e-23,0.002330,4.798868
8.47900938e-07,0.640257,3.329878,1.04208240e-23,0.011145,3.329878
9.43567322e-07,1.663478,2.661788,9.74531716e-24,-0.018343,2.661788
6.98191866e-07,1.315873,5.488852,1.03456806e-23,-0.006406,5.488852
2.12315235e-07,0.913111,2.210222,1.00855985e-23,0.000475,2.210222
8.19676719e-07,1.507336,3.726755,1.01457582e-23,-0.012400,3.726755
9.77036452e-07,1.582817,3.373226,9.97637957e-24,-0.023214,3.373226
7.58208027e-07,2.572263,5.678889,9.76539798e-24,0.009413,5.678889
9.17948639e-07,1.564592,4.144788,1.00371494e-23,-0.017230,4.144788
7.17970257e-07,1.537423,1.848558,1.00707238e-23,-0.009562,1.848558
9.40880543e-07,1.040909,4.178928,1.09679609e-23,0.000323,4.178928
3.40136654e-07,1.367675,1.869900,1.01043898e-23,-0.002283,1.869900
9.57105501e-07,1.459869,3.297282,1.03697203e-23,-0.019238,3.297282
7.80347617e-07,1.656617,3.305887,9.86896752e-24,-0.010946,3.305887
5.41022718e-07,1.422159,1.635871,1.01523098e-23,-0.005248,1.635871
5.05566823e-07,2.649521,2.558139,9.92434300e-24,0.004899,2.558139
1.40263114e-07,2.026050,0.700012,9.98374888e-24,-0.000140,0.700012
8.14795695e-07,0.375360,0.566470,1.01559835e-23,0.012181,0.566470
5.40026816e-07,2.329671,2.175002,9.77675282e-24,0.003262,2.175002
9.42530423e-07,1.512831,5.038555,1.01931380e-23,-0.018743,5.038555
7.83271610e-07,1.878789,5.287852,9.55309812e-24,-0.006636,5.287852
7.79860317e-07,1.682150,2.477543,9.82597461e-24,-0.010656,2.477543
4.63695892e-07,2.722494,2.791663,9.95865669e-24,0.004415,2.791663
4.97384457e-07,2.103486,5.535225,9.76365417e-24,0.000126,5.535225
9.47760750e-07,2.370703,4.577177,9.26132578e-24,0.012317,4.577177
9.79694292e-07,1.578418,1.717203,9.99184034e-24,-0.023736,1.717203
9.26271169e-07,1.613392,1.029258,9.90140372e-24,-0.017636,1.029258
6.94186711e-07,2.992528,5.931116,1.00045721e-23,0.009020,5.931116
8.06960760e-07,1.412448,1.760345,1.03111343e-23,-0.010742,1.760345
8.65262268e-07,1.849609,1.123496,9.46961350e-24,-0.009375,1.123496
8.76531837e-07,1.420996,5.874053,1.03590252e-23,-0.013347,5.874053
5.68221343e-07,2.214120,4.006642,9.71690083e-24,0.001965,4.006642
9.48319191e-07,1.070292,3.067390,1.09991710e-23,-0.001237,3.067390
4.46324262e-07,2.668305,5.551981,9.94713164e-24,0.004061,5.551981
7.85410250e-07,1.533125,0.136863,1.00884049e-23,-0.011431,0.136863
8.78262077e-07,1.507025,2.990715,1.01702092e-23,-0.014743,2.990715
6.28146648e-07,0.860932,4.586486,1.03563044e-23,0.003463,4.586486
9.97589017e-07,1.996868,4.263355,8.50486763e-24,-0.008449,4.263355
9.98012814e-07,1.070340,3.576757,1.16210433e-23,-0.002028,3.576757
7.12320883e-07,2.175219,0.596413,9.55667283e-24,0.002016,0.596413
8.11104233e-07,0.847017,3.097001,1.05604955e-23,0.006026,3.097001
8.94387744e-07,0.767335,0.420417,1.06327473e-23,0.010097,0.420417
6.61275077e-07,1.775072,2.921231,9.77401378e-24,-0.006640,2.921231
9.24654968e-07,0.985146,6.073045,1.08941103e-23,0.002916,6.073045
6.69191813e-07,2.426099,5.296303,9.72581231e-24,0.006057,5.296303
7.25233575e-07,1.872686,3.949065,9.62546749e-24,-0.005828,3.949065
7.63813722e-07,0.663312,2.739885,1.03566163e-23,0.008540,2.739885
8.30094461e-07,3.085883,2.315098,1.00171408e-23,0.013027,2.315098
5.40129807e-07,2.670422,3.252695,9.92183551e-24,0.005516,3.252695
9.59955635e-07,1.287873,2.699558,1.08208439e-23,-0.013289,2.699558
8.75798722e-07,2.763134,5.696814,9.85543229e-24,0.014559,5.696814
5.99869255e-07,0.799762,5.943121,1.03049899e-23,0.004044,5.943121
4.93348463e-07,1.718434,3.304752,9.90733347e-24,-0.004527,3.304752
8.03927399e-07,0.695821,6.183788,1.04250348e-23,0.009020,6.183788
9.65773166e-07,0.324559,4.691290,1.01961821e-23,0.021208,4.691290
5.97831422e-07,2.630949,6.152697,9.88479712e-24,0.006384,6.152697
6.83537513e-07,1.958394,5.851947,9.61274222e-24,-0.003281,5.851947
6.03419739e-07,0.830442,0.618892,1.03214952e-23,0.003672,0.618892
3.29523198e-07,0.339462,2.272333,1.00444394e-23,0.002656,2.272333
7.01203844e-07,0.505508,0.466626,1.01967205e-23,0.008495,0.466626
8.22985304e-07,2.484869,5.542005,9.63142352e-24,0.010138,5.542005
8.74992891e-07,1.420766,0.085889,1.03578645e-23,-0.013277,0.085889
8.20635163e-07,1.805928,2.827195,9.59563655e-24,-0.009436,2.827195
7.83601790e-07,1.272622,1.230962,1.04779662e-23,-0.006913,1.230962
5.88939761e-07,2.087426,5.953771,9.68168792e-24,-0.000128,5.953771
8.72003116e-07,0.797656,4.311833,1.06203903e-23,0.008609,4.311833
9.90946282e-07,0.447930,3.554662,1.04312002e-23,0.025608,3.554662
5.34351982e-07,2.247009,3.492880,9.75426770e-24,0.002216,3.492880
9.18274636e-07,0.429885,1.893294,1.02640762e-23,0.016555,1.893294
7.86458962e-07,2.149761,2.541164,9.44825640e-24,0.001704,2.541164
5.59426001e-07,2.131693,5.517254,9.71104311e-24,0.000622,5.517254
6.65067944e-07,1.225449,2.632662,1.03858625e-23,-0.004055,2.632662
4.49845263e-07,1.925960,1.894329,9.82599286e-24,-0.002011,1.894329
9.62936619e-07,1.392041,1.594176,1.05815738e-23,-0.017924,1.594176
9.85143841e-07,2.875738,2.960190,9.88234642e-24,0.024850,2.960190
8.93621374e-07,2.640221,2.967247,9.72155073e-24,0.014646,2.967247
9.91988117e-07,1.654984,1.069355,9.66271570e-24,-0.026388,1.069355
4.86265091e-07,3.003703,2.407227,1.00129389e-23,0.004940,2.407227
6.50682243e-07,1.773191,2.787704,9.78286246e-24,-0.006480,2.787704
5.34065912e-07,0.386567,0.690404,1.00864996e-23,0.005595,0.690404
8.60739980e-07,1.499535,3.001358,1.01786911e-23,-0.013895,3.001358
6.71782194e-07,1.606148,1.353729,9.97313515e-24,-0.008447,1.353729
7.71571380e-07,1.044424,0.964439,1.05759382e-23,0.000084,0.964439
2.41724090e-07,2.951129,0.754533,1.00155238e-23,0.001684,0.754533
9.85500980e-07,0.802441,3.653973,1.10492171e-23,0.014429,3.653973
2.14849609e-07,1.044025,2.309226,1.00910533e-23,0.000012,2.309226
6.20762285e-07,2.482267,2.577708,9.79362722e-24,0.005849,2.577708
7.78949641e-07,0.735019,1.370510,1.04312613e-23,0.007791,1.370510
8.64907672e-07,1.078322,2.889058,1.07407148e-23,-0.001231,2.889058
9.23996276e-07,2.390610,5.673894,9.35936486e-24,0.011706,5.673894
8.04733017e-07,1.061574,2.090385,1.06278598e-23,-0.000477,2.090385
9.96384289e-07,1.833888,5.385114,8.92108961e-24,-0.020594,5.385114
9.71178289e-07,1.746849,3.258532,9.43723389e-24,-0.018972,3.258532
3.88129640e-07,0.463229,5.476487,1.00768552e-23,0.003283,5.476487
7.88724407e-07,1.193611,1.489496,1.05531870e-23,-0.004670,1.489496
4.56377913e-07,2.510037,4.026553,9.89278038e-24,0.003674,4.026553
5.99966967e-07,1.593907,4.409301,9.99497182e-24,-0.006957,4.409301
8.84043339e-07,0.048380,1.091393,1.00231442e-23,0.015324,1.091393
9.91859800e-07,1.558449,3.959977,1.00733189e-23,-0.027258,3.959977
8.75409992e-07,1.176573,0.196143,1.07182748e-23,-0.005310,0.196143
9.55831431e-07,1.698537,0.746757,9.62355695e-24,-0.018719,0.746757
9.25138380e-07,2.823834,1.667515,9.88129934e-24,0.017497,1.667515
8.87243075e-07,2.879190,1.340124,9.93705701e-24,0.015395,1.340124
8.01347063e-07,1.823232,4.769809,9.59469778e-24,-0.008508,4.769809
9.04308646e-07,1.957258,1.697968,9.25920384e-24,-0.006186,1.697968
8.02585925e-07,1.697069,4.321918,9.78737592e-24,-0.011132,4.321918
8.43134280e-07,1.541272,2.488427,1.00830775e-23,-0.013467,2.488427
9.18965150e-07,0.804122,0.108180,1.07314062e-23,0.009891,0.108180
3.34030461e-07,0.958547,3.992746,1.01546223e-23,0.000641,3.992746
8.81423603e-07,1.228850,3.799330,1.06820034e-23,-0.007515,3.799330
6.19490288e-07,2.267417,4.657203,9.68709654e-24,0.003171,4.657203
4.46079073e-07,2.916210,0.484757,1.00031760e-23,0.004298,0.484757
7.83848370e-07,1.857243,1.460336,9.57488292e-24,-0.007236,1.460336
4.09675791e-07,1.843483,5.451626,9.87873670e-24,-0.002502,5.451626
9.17279923e-07,0.714063,2.131342,1.06183106e-23,0.012371,2.131342
7.83646408e-07,2.195707,2.482832,9.46666597e-24,0.003024,2.482832
7.96687284e-07,1.278518,2.602831,1.04881075e-23,-0.007330,2.602831
9.88284955e-07,3.059528,5.447362,1.00065902e-23,0.025922,5.447362
9.52548856e-07,1.558367,0.640452,1.00594122e-23,-0.019971,0.640452
7.76755242e-07,1.770704,5.492804,9.69118265e-24,-0.009127,5.492804
6.66370368e-07,2.560324,2.291524,9.81326635e-24,0.007286,2.291524
6.87960537e-07,1.624447,3.383682,9.94575634e-24,-0.008751,3.383682
9.64848380e-07,0.986512,3.035383,1.10772889e-23,0.003450,3.035383
9.02235028e-07,1.653351,6.254619,9.81131652e-24,-0.015741,6.254619
7.91059437e-07,0.487246,5.717182,1.02297064e-23,0.010917,5.717182
9.50346479e-07,0.334514,6.083478,1.01919317e-23,0.019470,6.083478
8.75130473e-07,1.699974,5.234646,9.72648613e-24,-0.013692,5.234646
6.40511763e-07,0.959269,4.592123,1.04009795e-23,0.001802,4.592123
7.66097068e-07,1.896557,1.944349,9.55799659e-24,-0.005855,1.944349
9.75365835e-07,1.353463,1.701161,1.07404947e-23,-0.017870,1.701161
5.53690415e-07,2.045172,1.581735,9.71753635e-24,-0.000826,1.581735
9.20330678e-07,2.738652,2.833762,9.80341860e-24,0.016842,2.833762
3.99207164e-07,1.240834,2.332555,1.01749157e-23,-0.001904,2.332555
5.73547166e-07,2.298196,5.691073,9.73886293e-24,0.003203,5.691073
9.75108771e-07,2.514162,6.041343,9.37435227e-24,0.018913,6.041343
7.39927697e-07,1.675519,5.304575,9.85563219e-24,-0.009647,5.304575
4.31481547e-07,1.130229,3.284893,1.02199120e-23,-0.000937,3.284893
3.19780098e-07,1.443298,5.257585,1.00705680e-23,-0.002376,5.257585
6.71183446e-07,1.080809,1.843187,1.04436676e-23,-0.000782,1.843187
8.54986350e-07,0.815679,1.912079,1.06063674e-23,0.007703,1.912079
7.31396898e-07,2.518228,6.002404,9.74223179e-24,0.008274,6.002404
7.25774372e-07,0.096891,0.712593,1.00275679e-23,0.009815,0.712593
8.95092249e-07,0.357404,5.509114,1.01773539e-23,0.015580,5.509114
9.25308372e-07,1.924731,0.100947,9.23329606e-24,-0.008217,0.100947
9.38739886e-07,2.951945,3.244554,9.96746535e-24,0.018710,3.244554
8.92205510e-07,0.994380,0.485806,1.08010159e-23,0.002219,0.485806
8.37654503e-07,1.932276,2.694202,9.42259337e-24,-0.005907,2.694202
8.62228939e-07,2.156840,0.427265,9.31310474e-24,0.002375,0.427265
8.20626076e-07,2.410722,6.216106,9.56340954e-24,0.008815,6.216106
9.85175551e-07,1.654975,4.090910,9.69316348e-24,-0.024143,4.090910
9.01582161e-07,2.252416,2.737173,9.27328628e-24,0.006455,2.737173
8.47672994e-07,1.674029,3.359412,9.80187439e-24,-0.012994,3.359412
7.61438039e-07,0.989046,1.859154,1.05545495e-23,0.001671,1.859154
7.98114619e-07,0.579281,3.963390,1.03131097e-23,0.010386,3.963390
5.93776784e-07,1.269263,1.989482,1.02962172e-23,-0.004081,1.989482
6.59320629e-07,1.448902,1.706458,1.01738161e-23,-0.007626,1.706458
7.51440869e-07,2.025615,1.900799,9.50335265e-24,-0.001992,1.900799
9.00968491e-07,1.538526,5.179534,1.01025202e-23,-0.016130,5.179534
9.65605649e-07,1.836453,5.833369,9.23014964e-24,-0.014575,5.833369
7.26556943e-07,1.885008,2.291779,9.61354129e-24,-0.005553,2.291779
8.96604834e-07,0.560609,2.324440,1.03905059e-23,0.014162,2.324440
8.90874955e-07,0.719284,5.281975,1.05714808e-23,0.011159,5.281975
7.89511340e-07,1.338830,2.368689,1.04058589e-23,-0.008734,2.368689
7.86345329e-07,1.863571,1.948858,9.56498848e-24,-0.007113,1.948858
5.12459466e-07,2.001911,2.903030,9.75986015e-24,-0.001372,2.903030
6.80210344e-07,2.898331,5.150195,9.98008929e-24,0.008657,5.150195
9.88318381e-07,1.179734,3.834941,1.12301583e-23,-0.009458,3.834941
8.39536274e-07,2.159967,0.061747,9.35993638e-24,0.002329,0.061747
4.56278016e-07,0.622244,6.130636,1.01446434e-23,0.003715,6.130636
8.07039012e-07,0.801173,5.145609,1.05199791e-23,0.007050,5.145609
6.86131104e-07,2.554528,2.738958,9.79813177e-24,0.007639,2.738958
9.13065172e-07,0.763973,3.892988,1.06701026e-23,0.010874,3.892988
8.48983643e-07,1.335032,5.709465,1.04819944e-23,-0.010218,5.709465
9.04915455e-07,1.123176,2.904486,1.08255966e-23,-0.003443,2.904486
5.62543499e-07,0.314224,4.641078,1.00683886e-23,0.006188,4.641078
9.02893092e-07,1.298558,3.200205,1.06318306e-23,-0.010837,3.200205
9.55428624e-07,0.709683,0.810522,1.07192825e-23,0.014723,0.810522
9.74921298e-07,1.765429,1.341672,9.36652861e-24,-0.018766,1.341672
8.31032708e-07,2.912039,3.648731,9.96644941e-24,0.013018,3.648731
5.53522318e-07,2.630189,2.764663,9.90083020e-24,0.005611,2.764663
8.76428670e-07,1.532136,0.032640,1.01110865e-23,-0.014846,0.032640
7.82576514e-07,1.803101,4.459607,9.64151965e-24,-0.008564,4.459607
1.92631415e-07,1.780892,5.871973,9.98375871e-24,-0.000950,5.871973
5.76104160e-07,1.549955,3.693433,1.00416762e-23,-0.006501,3.693433
1.81671965e-07,1.887331,4.882773,9.97475596e-24,-0.000613,4.882773
9.15809896e-07,1.072772,2.518372,1.08747763e-23,-0.001197,2.518372
5.17728959e-07,1.017548,4.394083,1.02933125e-23,0.000437,4.394083
6.59296359e-07,0.958896,4.513256,1.04208557e-23,0.001904,4.513256
9.55503480e-07,1.454764,2.601873,1.03819677e-23,-0.018963,2.601873
9.76680793e-07,1.191823,3.323892,1.10854613e-23,-0.009202,3.323892
2.10020643e-07,2.669253,5.825568,9.99727104e-24,0.001284,5.825568
8.35884797e-07,2.620444,2.515690,9.75151939e-24,0.012110,2.515690
8.22716926e-07,2.745107,3.301235,9.86607427e-24,0.012381,3.301235
8.61080961e-07,0.889875,4.536120,1.06766529e-23,0.005645,4.536120
9.44716113e-07,2.501383,0.306179,9.45832455e-24,0.015642,0.306179
7.22305476e-07,1.475720,5.866628,1.01635039e-23,-0.009296,5.866628
4.12532923e-07,1.775711,4.862509,9.90627270e-24,-0.003062,4.862509
8.84863977e-07,2.563210,3.562513,9.64386243e-24,0.013402,3.562513
9.44995396e-07,2.073107,4.759794,9.05635481e-24,-0.001122,4.759794
6.31944223e-07,1.981992,2.682552,9.65701562e-24,-0.002364,2.682552
7.20434171e-07,1.343728,5.885469,1.03353572e-23,-0.007357,5.885469
9.43500593e-07,0.764248,5.737869,1.07555834e-23,0.012289,5.737869
9.87129486e-07,1.728956,4.285754,9.41216853e-24,-0.022496,4.285754
9.55714816e-07,2.590389,3.763164,9.56369422e-24,0.018154,3.763164
3.33862993e-07,1.336710,2.770983,1.01122038e-23,-0.002055,2.770983
6.93975388e-07,1.448426,2.851594,1.01894047e-23,-0.008365,2.851594
9.12943680e-07,1.911121,0.505720,9.28569909e-24,-0.008437,0.505720
7.02663098e-07,2.003854,2.005553,9.57248469e-24,-0.002306,2.005553
8.09106199e-07,1.986901,2.329448,9.43258973e-24,-0.003641,2.329448
2.27262693e-07,1.747154,5.178344,9.98000419e-24,-0.001309,5.178344
7.26319637e-07,1.774414,4.006047,9.72807281e-24,-0.007912,4.006047
9.75057870e-07,1.149169,4.830383,1.11204026e-23,-0.006436,4.830383
9.79442177e-07,1.012194,5.112582,1.12020555e-23,0.002230,5.112582
9.93291534e-07,2.024383,4.179183,8.64515953e-24,-0.005398,4.179183
5.23109553e-07,1.037275,5.986001,1.02987123e-23,0.000150,5.986001
8.16284169e-07,0.402486,2.957663,1.01762760e-23,0.012138,2.957663
6.95953668e-07,2.608807,2.921187,9.82869348e-24,0.008221,2.921187
9.10467067e-07,1.564700,4.041678,1.00364090e-23,-0.016762,4.041678
5.06875862e-07,1.335879,5.098077,1.01970621e-23,-0.003932,5.098077
9.62886600e-07,1.507465,5.739306,1.02294328e-23,-0.020714,5.739306
4.68244904e-07,0.492847,5.341512,1.01054943e-23,0.004333,5.341512
8.16467582e-07,1.012597,2.887825,1.06457125e-23,0.001166,2.887825
9.56042655e-07,1.088112,2.475525,1.10333327e-23,-0.002286,2.475525
7.90579439e-07,1.411909,1.037257,1.02992328e-23,-0.010262,1.037257
9.46031376e-07,2.789951,5.222034,9.83494647e-24,0.019009,5.222034
6.77081724e-07,1.136678,0.500833,1.04389036e-23,-0.002128,0.500833
9.36709233e-07,1.301245,4.379134,1.07112414e-23,-0.012446,4.379134
7.30533394e-07,1.540329,3.319603,1.00679132e-23,-0.009895,3.319603
9.59179797e-07,1.231618,3.028410,1.09171753e-23,-0.010382,3.028410
3.05695672e-07,1.810760,3.641632,9.93839591e-24,-0.001767,3.641632
9.85996859e-07,1.862551,2.772733,9.02712812e-24,-0.015614,2.772733
9.62536417e-07,0.433292,3.470917,1.03227627e-23,0.020205,3.470917
9.88254717e-07,1.854285,0.700673,9.02073490e-24,-0.016536,0.700673
4.15014688e-07,3.052624,0.711059,1.00179244e-23,0.003851,0.711059
9.66932306e-07,2.330256,3.900539,9.12033796e-24,0.012087,3.900539
8.68671382e-07,1.117243,5.929914,1.07379896e-23,-0.002818,5.929914
8.35596287e-07,2.275356,2.321875,9.42738111e-24,0.005923,2.321875
6.21935619e-07,2.006902,2.349002,9.65962233e-24,-0.001790,2.349002
9.75931197e-07,2.421801,6.192723,9.20935540e-24,0.016385,6.192723
6.17012763e-07,2.435159,2.464731,9.76991854e-24,0.005345,2.464731
8.55918552e-07,1.402309,5.289683,1.03741165e-23,-0.012141,5.289683
6.30760523e-07,0.649933,3.035003,1.02479289e-23,0.006095,3.035003
7.15738160e-07,1.745723,5.177846,9.77135921e-24,-0.008164,5.177846
4.67294846e-07,1.587255,2.602749,1.00083086e-23,-0.004633,2.602749
5.37905425e-07,1.150631,5.410931,1.02996401e-23,-0.001659,5.410931
8.92056629e-07,1.654547,4.998037,9.81556169e-24,-0.015191,4.998037
9.55005012e-07,2.107448,1.696409,9.00699009e-24,0.000716,1.696409
7.06492131e-07,0.478747,5.276012,1.01819382e-23,0.008750,5.276012
9.82647343e-07,1.460974,0.808394,1.04327040e-23,-0.022952,0.808394
7.40205207e-07,1.367045,5.610837,1.03237199e-23,-0.008207,5.610837
9.22654154e-07,2.302685,2.936164,9.26127298e-24,0.008849,2.936164
6.05635796e-07,0.718757,0.038023,1.02693575e-23,0.005053,0.038023
7.43994000e-07,1.812216,4.723801,9.66806014e-24,-0.007531,4.723801
7.74875968e-07,1.060994,6.054813,1.05805138e-23,-0.000422,6.054813
7.42192078e-07,1.568757,5.149120,1.00236132e-23,-0.010253,5.149120
7.01715685e-07,0.414531,4.197053,1.01416274e-23,0.008884,4.197053
8.76918733e-07,2.643492,2.516806,9.74074575e-24,0.013901,2.516806
3.55975122e-07,2.749926,0.790365,9.98444846e-24,0.002953,0.790365
9.39861180e-07,1.062248,1.698727,1.09630394e-23,-0.000774,1.698727
8.30353295e-07,2.511937,1.274750,9.65017974e-24,0.010742,1.274750
9.66407653e-07,2.138349,0.197555,8.94661868e-24,0.002541,0.197555
9.40063319e-07,0.503258,5.429006,1.03789243e-23,0.017437,5.429006
8.89895035e-07,1.002444,4.232386,1.07972378e-23,0.001872,4.232386
6.10077664e-07,1.827375,4.578456,9.76305703e-24,-0.005015,4.578456
6.68926217e-07,1.640973,1.146118,9.92798439e-24,-0.008231,1.146118
7.09955288e-07,1.800285,0.245014,9.71128894e-24,-0.007109,0.245014
4.88488814e-07,1.311223,0.877056,1.02003579e-23,-0.003446,0.877056
8.27775090e-07,0.688959,3.030106,1.04462037e-23,0.009759,3.030106
8.56903659e-07,0.931383,6.165128,1.06937349e-23,0.004215,6.165128
8.79836293e-07,2.707752,0.377785,9.80296702e-24,0.014483,0.377785
7.07126778e-07,1.415587,6.269648,1.02387851e-23,-0.008261,6.269648
7.75932243e-07,1.231670,2.476592,1.05065966e-23,-0.005631,2.476592
3.70499818e-07,1.504176,3.047086,1.00539306e-23,-0.003161,3.047086
8.25295467e-07,2.258677,2.579995,9.43340356e-24,0.005285,2.579995
7.27930141e-07,1.881401,4.995495,9.61508921e-24,-0.005660,4.995495
4.70347471e-07,2.275455,0.755069,9.81031751e-24,0.002099,0.755069
5.68757793e-07,1.329327,2.183590,1.02383904e-23,-0.004660,2.183590
6.25584255e-07,0.932643,3.048354,1.03789409e-23,0.002220,3.048354
2.44522663e-07,2.130209,6.224261,9.93473523e-24,0.000165,6.224261
8.79369865e-07,1.579263,3.415871,1.00002081e-23,-0.015091,3.415871
2.74602921e-07,2.168216,0.025277,9.91980180e-24,0.000399,0.025277
7.72283988e-07,2.093497,1.838987,9.46362689e-24,-0.000027,1.838987
9.09297922e-07,2.108600,1.899392,9.18448971e-24,0.000642,1.899392
2.02851424e-07,1.663514,1.562621,1.00017196e-23,-0.001240,1.562621
5.67073920e-07,0.098903,3.743140,1.00252026e-23,0.006345,3.743140
6.73005100e-07,0.251908,0.460591,1.00626150e-23,0.008486,0.460591
9.03930050e-07,0.690719,4.788486,1.05615410e-23,0.012314,4.788486
6.75682721e-07,1.453084,4.202583,1.01755139e-23,-0.008011,4.202583
7.81577980e-07,2.006826,4.581019,9.46641345e-24,-0.002752,4.581019
8.47146508e-07,1.429618,3.311761,1.03136359e-23,-0.012370,3.311761
7.62377298e-07,1.272892,1.293736,1.04523174e-23,-0.006537,1.293736
7.78965980e-07,0.569124,5.654251,1.02896691e-23,0.009954,5.654251
8.63027802e-07,1.163867,0.551367,1.07010416e-23,-0.004614,0.551367
4.71263894e-07,2.694844,1.559125,9.94882931e-24,0.004480,1.559125
9.15386436e-07,1.173884,4.973704,1.08218100e-23,-0.005955,4.973704
9.37683927e-07,0.358035,0.778215,1.02052812e-23,0.018285,0.778215
7.45796560e-07,2.197856,0.340919,9.52081118e-24,0.002787,0.340919
6.29507042e-07,0.972339,0.043404,1.03923840e-23,0.001498,0.043404
8.28691528e-07,0.301494,5.521221,1.01121371e-23,0.012846,5.521221
8.00558267e-07,2.184557,2.442015,9.43628037e-24,0.002835,2.442015
9.46617878e-07,1.662557,1.455757,9.74409520e-24,-0.018620,1.455757
6.78630917e-07,0.457398,2.810535,1.01579738e-23,0.008210,2.810535
3.50817457e-07,1.964993,0.110373,9.88123303e-24,-0.001058,0.110373
4.84547088e-07,1.845655,0.573883,9.83489830e-24,-0.003234,0.573883
9.85351201e-07,1.433472,4.900084,1.05437484e-23,-0.022776,4.900084
8.26209159e-07,1.060897,1.184189,1.06654172e-23,-0.000482,1.184189
6.05748497e-07,1.425491,3.490135,1.01764012e-23,-0.006369,3.490135
5.06972971e-07,1.390157,5.809187,1.01619385e-23,-0.004465,5.809187
5.38156560e-07,2.308887,4.126144,9.77063678e-24,0.003008,4.126144
9.13838427e-07,1.117650,3.549274,1.08544824e-23,-0.003296,3.549274
8.07799880e-07,0.754494,4.643147,1.04820260e-23,0.008054,4.643147
9.35293648e-07,1.409401,4.487390,1.04677640e-23,-0.016161,4.487390
7.93254139e-07,1.993358,3.768850,9.45448227e-24,-0.003277,3.768850
3.57234392e-07,2.687868,5.836638,9.97248736e-24,0.002902,5.836638
8.35612777e-07,1.301401,5.268703,1.05123630e-23,-0.008872,5.268703
5.81038876e-07,1.749198,0.147161,9.84515250e-24,-0.005608,0.147161
7.79070581e-07,1.781809,4.359271,9.67360225e-24,-0.008954,4.359271
4.91902722e-07,1.296437,6.230002,1.02100093e-23,-0.003318,6.230002
7.70955308e-07,2.474871,5.283777,9.67465309e-24,0.008659,5.283777
9.25377947e-07,2.851744,5.321867,9.90422876e-24,0.017581,5.321867
5.43093066e-07,2.080794,0.373931,9.72448284e-24,-0.000219,0.373931
8.67292965e-07,1.297265,5.314995,1.05668522e-23,-0.009609,5.314995
6.23694005e-07,1.003929,5.455013,1.03913069e-23,0.000864,5.455013
9.19278160e-07,2.150787,3.327475,9.16240849e-24,0.002603,3.327475
9.30944437e-07,2.245088,5.335041,9.18025658e-24,0.006905,5.335041
7.94438412e-07,2.417644,0.407921,9.60130411e-24,0.008321,0.407921
5.91899619e-07,2.691266,3.870475,9.91508209e-24,0.006486,3.870475
5.51788925e-07,1.159439,1.868756,1.03092768e-23,-0.001877,1.868756
9.48601557e-07,1.266110,3.605505,1.08148771e-23,-0.011523,3.605505
7.76025885e-07,1.765211,0.078094,9.69959914e-24,-0.009219,0.078094
7.61400891e-07,0.452136,5.234829,1.01881879e-23,0.010259,5.234829
9.51066628e-07,2.435484,2.647141,9.34192595e-24,0.014500,2.647141
9.71292835e-07,2.000508,5.452095,8.94239714e-24,-0.005769,5.452095
4.65598441e-07,1.064837,3.300414,1.02511699e-23,-0.000222,3.300414
9.23541357e-07,2.594211,0.694491,9.62950121e-24,0.015783,0.694491
4.71845116e-07,1.819609,0.370213,9.85538603e-24,-0.003370,0.370213
5.36736720e-07,1.886574,0.113324,9.77985701e-24,-0.003250,0.113324
9.46830174e-07,1.178129,1.933265,1.09287933e-23,-0.007005,1.933265
6.61474025e-07,1.660926,0.547551,9.90476256e-24,-0.007938,0.547551
6.58471202e-07,2.887291,4.561144,9.97888503e-24,0.008158,4.561144
8.98996853e-07,1.779922,2.025851,9.53061776e-24,-0.012799,2.025851
8.94149726e-07,1.133840,0.593985,1.07910271e-23,-0.003786,0.593985
3.97391453e-07,1.753325,1.803266,9.92294426e-24,-0.003031,1.803266
8.96789996e-07,1.630106,0.266782,9.87205967e-24,-0.015707,0.266782
4.60541611e-07,1.667660,4.127712,9.95236097e-24,-0.004326,4.127712
4.42220964e-07,0.115163,1.648053,1.00247560e-23,0.004252,1.648053
7.53206568e-07,0.481171,4.197046,1.02050472e-23,0.009894,4.197046
8.52683630e-07,1.782876,2.324506,9.59231670e-24,-0.010978,2.324506
8.81352094e-07,1.227328,0.331322,1.06835398e-23,-0.007454,0.331322
7.07231660e-07,2.168792,3.125811,9.56130710e-24,0.001837,3.125811
8.69848729e-07,2.795831,2.805790,9.88461991e-24,0.014400,2.805790
8.76975855e-07,2.590447,4.576804,9.68359813e-24,0.013390,4.576804
8.36586033e-07,0.790758,5.999755,1.05541776e-23,0.007912,5.999755
5.71435083e-07,0.606807,2.926746,1.01915974e-23,0.005442,2.926746
8.65744600e-07,2.272021,0.259048,9.36951263e-24,0.006371,0.259048
8.06635658e-07,2.706708,5.972535,9.84412712e-24,0.011681,5.972535
9.86396926e-07,2.358863,0.563622,9.01440193e-24,0.015472,0.563622
9.55173501e-07,1.415724,1.482194,1.04936564e-23,-0.017918,1.482194
5.15898400e-07,0.577084,3.532951,1.01529581e-23,0.004747,3.532951
4.83855836e-07,1.703220,3.127103,9.92131139e-24,-0.004488,3.127103
9.53536321e-07,1.745696,3.743669,9.49717611e-24,-0.017159,3.743669
9.78146846e-07,0.897266,5.378400,1.11069802e-23,0.008884,5.378400
9.88080201e-07,1.750908,0.995729,9.32913597e-24,-0.021869,0.995729
7.41583648e-07,0.735891,4.971109,1.03928337e-23,0.007036,4.971109
6.66718109e-07,1.480203,5.376458,1.01381137e-23,-0.008048,5.376458
8.48735236e-07,2.412737,5.853181,9.52705670e-24,0.009597,5.853181
7.51188959e-07,2.207818,4.966237,9.51732621e-24,0.003082,4.966237
9.18555074e-07,2.934288,5.266167,9.96215608e-24,0.017234,5.266167
4.99010968e-07,0.096012,0.401487,1.00240561e-23,0.005151,0.401487
9.50582174e-07,1.201672,5.607449,1.09186247e-23,-0.008382,5.607449
8.88366280e-07,1.253491,0.246143,1.06670617e-23,-0.008654,0.246143
4.74713133e-07,1.766763,2.162683,9.88345535e-24,-0.003894,2.162683
8.42174932e-07,1.305345,5.836895,1.05163268e-23,-0.009160,5.836895
6.52068414e-07,2.139026,5.457769,9.61947245e-24,0.000963,5.457769
6.86348044e-07,1.532388,2.528273,1.00736093e-23,-0.008774,2.528273
7.90429942e-07,1.613271,2.600853,9.94255910e-24,-0.011566,2.600853
8.37858101e-07,2.261740,4.190876,9.41404297e-24,0.005568,4.190876
6.66192600e-07,0.914860,1.934419,1.04150458e-23,0.002834,1.934419
9.36065611e-07,1.431737,4.337826,1.04118373e-23,-0.016796,4.337826
6.97189829e-07,1.287767,6.250508,1.03708525e-23,-0.005815,6.250508
4.07833340e-07,2.069208,5.301262,9.83298019e-24,-0.000258,5.301262
8.63189237e-07,2.150694,5.328771,9.30920853e-24,0.002154,5.328771
9.84765195e-07,1.495520,4.059694,1.03123706e-23,-0.024211,4.059694
7.70368716e-07,1.784706,3.344218,9.67773993e-24,-0.008686,3.344218
6.66762848e-07,2.801232,5.045176,9.94501621e-24,0.008250,5.045176
5.60535300e-07,2.323096,1.849605,9.75876367e-24,0.003390,1.849605
7.99784763e-07,0.265214,5.399485,1.00860716e-23,0.011899,5.399485
5.07857305e-07,2.340167,3.591027,9.80344218e-24,0.003056,3.591027
9.33503441e-07,1.075000,2.300910,1.09358205e-23,-0.001396,2.300910
6.04670029e-07,2.072136,5.429713,9.66681403e-24,-0.000431,5.429713
6.21941475e-07,0.480302,2.395662,1.01496769e-23,0.006955,2.395662
5.35822812e-07,1.512234,6.076320,1.00732698e-23,-0.005683,6.076320
5.69415935e-07,2.774326,2.850474,9.95374739e-24,0.006249,2.850474
7.06409564e-07,0.663690,5.527999,1.03092592e-23,0.007326,5.527999
7.26103770e-07,0.973121,3.243650,1.05030158e-23,0.001923,3.243650
6.10008901e-07,1.197621,1.466166,1.03477926e-23,-0.002962,1.466166
8.75333076e-07,0.435248,0.179671,1.02359337e-23,0.014270,0.179671
9.42590139e-07,2.616321,5.760327,9.62781423e-24,0.017378,5.760327
7.27073224e-07,1.125367,3.320194,1.05022091e-23,-0.002123,3.320194
5.02635522e-07,2.668937,3.224959,9.93215399e-24,0.004906,3.224959
9.18567613e-07,1.549627,0.525410,1.00778321e-23,-0.017236,0.525410
7.58622873e-07,1.095737,2.657388,1.05522181e-23,-0.001430,2.657388
8.43553431e-07,1.902823,2.672771,9.44075819e-24,-0.007041,2.672771
2.45826919e-07,0.951205,3.811570,1.01042310e-23,0.000434,3.811570
3.81143033e-07,1.222268,0.788892,1.01688937e-23,-0.001612,0.788892
5.44137982e-07,2.170884,5.143717,9.72946072e-24,0.001197,5.143717
6.21223193e-07,1.123898,4.598922,1.03828835e-23,-0.001566,4.598922
9.65742989e-07,1.311200,0.530358,1.07975868e-23,-0.014875,0.530358
6.78911391e-07,1.352018,1.407492,1.02938846e-23,-0.006727,1.407492
7.89043594e-07,1.421136,2.793424,1.02832934e-23,-0.010374,2.793424
9.62432478e-07,2.233593,0.011094,9.03296853e-24,0.007470,0.011094
7.51339872e-07,0.173729,3.564707,1.00452049e-23,0.010494,3.564707
6.62785350e-07,0.918903,0.007384,1.04128309e-23,0.002729,0.007384
8.85961592e-07,2.347205,0.590346,9.39635279e-24,0.009092,0.590346
8.75501955e-07,0.631033,6.222938,1.04452773e-23,0.012266,6.222938
9.31310831e-07,0.401318,0.065669,1.02450836e-23,0.017598,0.065669
5.60637278e-07,1.136752,3.923102,1.03226105e-23,-0.001538,3.923102
9.61994473e-07,1.509964,5.890266,1.02202623e-23,-0.020640,5.890266
5.45473736e-07,2.658329,1.696935,9.91534818e-24,0.005570,1.696935
9.13339631e-07,2.581233,4.839504,9.62801879e-24,0.015023,4.839504
9.47638008e-07,1.029353,4.561575,1.09968130e-23,0.000942,4.561575
7.28450170e-07,2.405105,5.902867,9.66015484e-24,0.006786,5.902867
8.82638801e-07,1.787114,0.450396,9.54314196e-24,-0.011916,0.450396
6.23512888e-07,2.281405,2.085869,9.68892472e-24,0.003431,2.085869
4.46869856e-07,1.023799,5.428557,1.02365126e-23,0.000273,5.428557
8.20107541e-07,1.797946,1.710176,9.60791214e-24,-0.009625,1.710176
6.66534401e-07,1.767014,1.817939,9.77893832e-24,-0.006857,1.817939
8.34139291e-07,1.387430,6.080268,1.03782096e-23,-0.011075,6.080268
7.99520535e-07,0.563116,3.899244,1.02997883e-23,0.010583,3.899244
2.01688857e-07,0.924308,0.108576,1.00813306e-23,0.000406,0.108576
6.19314526e-07,1.477260,3.212861,1.01270452e-23,-0.007050,3.212861
9.44181004e-07,0.533782,4.652927,1.04274869e-23,0.017396,4.652927
6.15913922e-07,2.699963,5.132402,9.91181201e-24,0.006966,5.132402
6.31523598e-07,2.697323,2.864673,9.90571825e-24,0.007266,2.864673
8.44280248e-07,1.891259,1.259833,9.45203644e-24,-0.007450,1.259833
9.71371816e-07,2.000984,0.939661,8.94142337e-24,-0.005743,0.939661
7.23837868e-07,2.229243,4.806252,9.56097231e-24,0.003362,4.806252
5.59203714e-07,1.938575,4.186373,9.73943752e-24,-0.002648,4.186373
2.70192142e-07,1.505430,6.189480,1.00407003e-23,-0.001954,6.189480
8.81749199e-07,2.582794,5.951289,9.66984391e-24,0.013507,5.951289
9.18378214e-07,0.503598,5.878518,1.03491352e-23,0.015965,5.878518
9.81108927e-07,1.985383,3.803297,8.87162676e-24,-0.007226,3.803297
3.52552195e-07,2.873078,5.263775,1.00034731e-23,0.002975,5.263775
6.57338937e-07,1.554509,2.075137,1.00412682e-23,-0.008164,2.075137
9.43035588e-07,0.385710,1.624211,1.02392457e-23,0.018594,1.624211
9.92583802e-07,1.059034,4.253013,1.14031483e-23,-0.000892,4.253013
9.13379779e-07,1.081072,5.675778,1.08655662e-23,-0.001574,5.675778
2.09886327e-07,0.289433,1.715126,1.00292195e-23,0.001351,1.715126
5.12353376e-07,2.418644,4.423255,9.82982332e-24,0.003799,4.423255
8.67264714e-07,2.379474,3.074060,9.46413539e-24,0.009384,3.074060
7.42406947e-07,1.568009,5.664400,1.00248228e-23,-0.010259,5.664400
6.50701107e-07,1.714905,1.849885,9.84493665e-24,-0.007225,1.849885
6.18120758e-07,1.580590,3.868621,1.00090087e-23,-0.007337,3.868621
4.88252734e-07,0.415098,1.553847,1.00860331e-23,0.004799,1.553847
7.44856677e-07,1.029510,6.105723,1.05370942e-23,0.000494,6.105723
6.43562705e-07,1.127239,0.410139,1.04050855e-23,-0.001738,0.410139
5.08204254e-07,1.429847,5.958491,1.01338498e-23,-0.004796,5.958491
9.15480014e-07,2.253157,1.210630,9.23584432e-24,0.006812,1.210630
6.92024766e-07,0.842449,2.761203,1.04103829e-23,0.004461,2.761203
7.10903250e-07,1.221559,3.985906,1.04361401e-23,-0.004489,3.985906
3.32109296e-07,2.486306,3.799017,9.93741036e-24,0.002174,3.799017
9.24779989e-07,2.615642,1.652211,9.65518601e-24,0.016120,1.652211
4.71604134e-07,1.513746,4.583148,1.00623461e-23,-0.004632,4.583148
9.25965540e-07,1.301122,2.670505,1.06816263e-23,-0.011903,2.670505
8.68136097e-07,1.167777,5.763190,1.07090639e-23,-0.004842,5.763190
8.48910768e-07,1.768178,0.795221,9.62207682e-24,-0.011227,0.795221
8.72076833e-07,0.424606,0.781946,1.02238674e-23,0.014183,0.781946
8.52078877e-07,1.825957,3.783640,9.52470718e-24,-0.009744,3.783640
6.41313129e-07,2.696105,4.698376,9.90197975e-24,0.007461,4.698376
9.79364641e-07,1.881841,1.500215,9.04756240e-24,-0.013550,1.500215
9.81559831e-07,2.439039,1.503182,9.20136642e-24,0.017760,1.503182
9.99823409e-07,0.587918,0.293912,1.09998649e-23,0.033562,0.293912
6.32254119e-07,1.376115,6.208028,1.02387067e-23,-0.006266,6.208028
5.21591679e-07,0.103330,4.193777,1.00249663e-23,0.005532,4.193777
7.98483453e-07,2.426401,1.937291,9.60435831e-24,0.008566,1.937291
8.90846979e-07,1.422047,0.438778,1.03727566e-23,-0.014001,0.438778
9.71710838e-07,1.078645,2.172905,1.11353591e-23,-0.001926,2.172905
7.75610923e-07,2.591169,3.301488,9.76894334e-24,0.010026,3.301488
8.43096854e-07,1.323908,5.480890,1.04909202e-23,-0.009730,5.480890
9.23650396e-07,0.422453,2.659345,1.02609603e-23,0.016946,2.659345
9.87384933e-07,2.687817,1.021830,9.61875703e-24,0.024354,1.021830
8.25464065e-07,0.735184,5.219609,1.04875426e-23,0.008852,5.219609
9.53352891e-07,2.065781,0.105656,9.01799826e-24,-0.001573,0.105656
9.90180536e-07,2.375277,0.282057,8.99517657e-24,0.016978,0.282057
6.72446977e-07,0.982386,0.352734,1.04405636e-23,0.001465,0.352734
5.88643867e-07,1.409617,0.313138,1.01838009e-23,-0.005914,0.313138
8.54732555e-07,1.612034,2.818730,9.92976180e-24,-0.013878,2.818730
9.49687214e-07,1.871453,4.106887,9.22866271e-24,-0.011775,4.106887
8.06046261e-07,1.582430,5.557977,9.99802451e-24,-0.012171,5.557977
9.97786045e-07,1.016502,0.186386,1.16018662e-23,0.002618,0.186386
5.54197198e-07,1.688852,1.645514,9.90963994e-24,-0.005695,1.645514
9.82541922e-07,2.698514,5.168998,9.65573797e-24,0.023247,5.168998
7.74335467e-07,0.525994,1.209890,1.02509572e-23,0.010180,1.209890
7.83832460e-07,2.318444,0.442093,9.53534171e-24,0.006139,0.442093
9.64521215e-07,1.936206,3.614501,9.05698778e-24,-0.009245,3.614501
7.46798388e-07,0.558391,5.855729,1.02591666e-23,0.009220,5.855729
1.83290673e-07,1.274111,3.965760,1.00645700e-23,-0.000675,3.965760
8.58859551e-07,1.421942,1.709447,1.03392377e-23,-0.012659,1.709447
9.22646061e-07,2.026111,1.826112,9.15700134e-24,-0.003301,1.826112
9.26667250e-07,1.569824,6.254040,1.00230509e-23,-0.017823,6.254040
5.95206155e-07,0.621791,5.223259,1.02115816e-23,0.005726,5.223259
5.59618422e-07,0.852123,3.234836,1.02936266e-23,0.002963,3.234836
9.95561099e-07,2.190489,0.458749,8.59429157e-24,0.007383,0.458749
6.15395556e-07,1.996002,1.125636,9.66904174e-24,-0.001977,1.125636
9.36014159e-07,2.368480,4.529365,9.29748460e-24,0.011614,4.529365
6.60059447e-07,0.532303,4.515218,1.01940669e-23,0.007469,4.515218
9.66699182e-07,2.283624,5.011708,9.06141896e-24,0.010055,5.011708
9.57806303e-07,1.096375,2.931411,1.10399330e-23,-0.002778,2.931411
8.83981330e-07,2.177586,3.968884,9.27133003e-24,0.003353,3.968884
9.68667857e-07,1.976589,5.307699,8.98298092e-24,-0.007107,5.307699
3.88940374e-07,2.120556,2.866651,9.84627998e-24,0.000246,2.866651
3.73335476e-07,0.683454,0.721401,1.01265398e-23,0.002489,0.721401
8.39222145e-07,1.139432,1.644512,1.06682796e-23,-0.003403,1.644512
6.69010171e-07,1.103158,1.796619,1.04379550e-23,-0.001299,1.796619
6.98123224e-07,2.529379,6.084315,9.77351957e-24,0.007675,6.084315
6.43817713e-07,1.139832,3.785357,1.04019839e-23,-0.002013,3.785357
9.90694034e-07,1.959368,2.088958,8.77424627e-24,-0.009950,2.088958
8.33834041e-07,0.999739,5.077985,1.06746900e-23,0.001672,5.077985
4.63224706e-07,1.608181,1.393894,9.99346476e-24,-0.004544,1.393894
8.24648767e-07,0.931418,5.436170,1.06336006e-23,0.003837,5.436170
8.87362831e-07,1.196057,0.564021,1.07286729e-23,-0.006329,0.564021
8.30878306e-07,0.661071,4.415532,1.04223403e-23,0.010300,4.415532
6.12646213e-07,1.732797,2.332419,9.84454900e-24,-0.006321,2.332419
9.24882546e-07,1.273270,2.997746,1.07263165e-23,-0.010708,2.997746
8.82945075e-07,1.029865,0.550215,1.07845208e-23,0.000716,0.550215
9.19927670e-07,0.715601,0.550840,1.06262926e-23,0.012457,0.550840
9.68821777e-07,2.211460,5.724566,8.97381385e-24,0.006622,5.724566
9.00164032e-07,1.755906,0.568650,9.57758907e-24,-0.013540,0.568650
9.07411342e-07,1.574703,4.207647,1.00101253e-23,-0.016582,4.207647
9.07665548e-07,1.872044,4.510754,9.35263741e-24,-0.009894,4.510754
8.94219874e-07,1.295106,2.061175,1.06194613e-23,-0.010396,2.061175
8.81363425e-07,2.316843,2.781254,9.37603928e-24,0.008090,2.781254
7.70512745e-07,1.407539,0.235337,1.02910955e-23,-0.009648,0.235337
5.49388014e-07,2.917918,0.138482,9.99673484e-24,0.006003,0.138482
6.30571402e-07,1.947759,4.554292,9.67186545e-24,-0.003059,4.554292
4.51745297e-07,1.505461,0.123449,1.00652026e-23,-0.004306,0.123449
8.04254110e-07,1.595749,6.098919,9.97277678e-24,-0.012082,6.098919
9.18984530e-07,2.696667,2.384181,9.75931742e-24,0.016498,2.384181
9.87494674e-07,1.502992,1.071213,1.02920400e-23,-0.025094,1.071213
2.37112913e-07,2.184953,2.790982,9.94058656e-24,0.000389,2.790982
3.70768691e-07,0.490476,0.072370,1.00789801e-23,0.003015,0.072370
7.82873795e-07,2.556636,2.523332,9.73454242e-24,0.009909,2.523332
5.83343127e-07,1.868458,0.660321,9.75486949e-24,-0.004023,0.660321
8.98663464e-07,1.533323,6.228197,1.01149579e-23,-0.015974,6.228197
5.96407808e-07,1.332414,5.605167,1.02540809e-23,-0.005091,5.605167
9.50674716e-07,0.468997,4.149063,1.03504377e-23,0.018673,4.149063
6.24652399e-07,1.489498,4.840394,1.01148327e-23,-0.007233,4.840394
3.73391347e-07,1.833248,5.924315,9.90109097e-24,-0.002243,5.924315
8.14667498e-07,1.076272,3.136520,1.06433051e-23,-0.000994,3.136520
2.75657268e-07,2.266603,0.880209,9.92718478e-24,0.000882,0.880209
9.43406481e-07,1.888719,0.378958,9.22311944e-24,-0.010625,0.378958
7.06596048e-07,1.429253,4.902287,1.02207358e-23,-0.008427,4.902287
9.39946547e-07,2.399555,4.979070,9.32639892e-24,0.012770,4.979070
8.14807291e-07,0.668706,5.931157,1.04118067e-23,0.009730,5.931157
6.33618528e-07,1.964934,1.261083,9.66164321e-24,-0.002731,1.261083
6.65099835e-07,1.844179,1.821846,9.70660032e-24,-0.005521,1.821846
8.42620195e-07,1.532092,5.430946,1.01023747e-23,-0.013406,5.430946
9.63207649e-07,1.850159,4.132214,9.21218562e-24,-0.013711,4.132214
8.39406852e-07,1.155362,2.840446,1.06601712e-23,-0.003991,2.840446
8.47076722e-07,0.943650,1.925318,1.06804703e-23,0.003686,1.925318
7.93054129e-07,0.799318,0.484502,1.04997523e-23,0.006824,0.484502
8.84729394e-07,0.347584,1.780861,1.01640329e-23,0.015088,1.780861
9.81422946e-07,1.947274,0.759063,8.91541292e-24,-0.009738,0.759063
8.11647542e-07,2.101658,3.658640,9.40069886e-24,0.000244,3.658640
4.67476021e-07,2.377325,3.134565,9.84198825e-24,0.002980,3.134565
7.70340191e-07,1.464126,5.532018,1.02021212e-23,-0.010441,5.532018
7.64339581e-07,1.591911,3.893181,9.98420249e-24,-0.010853,3.893181
7.70878084e-07,1.682820,1.541802,9.82952720e-24,-0.010394,1.541802
7.36379093e-07,0.702067,3.161392,1.03625048e-23,0.007436,3.161392
9.35275790e-07,1.555521,3.254189,1.00646947e-23,-0.018442,3.254189
8.68341134e-07,2.483053,3.902609,9.57409132e-24,0.011548,3.902609
9.37072168e-07,0.820264,1.955789,1.08041585e-23,0.010069,1.955789
9.73652552e-07,0.264703,3.005094,1.01442243e-23,0.022511,3.005094
7.42799620e-07,1.372246,3.216771,1.03191521e-23,-0.008360,3.216771
9.73530608e-07,1.811560,6.215148,9.24835806e-24,-0.016569,6.215148
7.99540069e-07,0.867573,4.304097,1.05571941e-23,0.005320,4.304097
9.28708933e-07,1.803307,2.302261,9.42405080e-24,-0.013463,2.302261
7.32043395e-07,0.566903,1.404244,1.02562930e-23,0.008799,1.404244
7.26667391e-07,0.998962,2.730924,1.05091594e-23,0.001269,2.730924
3.74318602e-07,1.723053,4.227923,9.94489335e-24,-0.002917,4.227923
9.55034071e-07,1.190393,0.259791,1.09526651e-23,-0.007963,0.259791
6.26500993e-07,2.416127,0.609715,9.75264459e-24,0.005282,0.609715
4.51562385e-07,1.134677,3.449570,1.02340283e-23,-0.001061,3.449570
8.60987164e-07,2.065441,4.931255,9.30810432e-24,-0.001131,4.931255
5.61173051e-07,0.549444,3.778107,1.01597043e-23,0.005581,3.778107
3.51618119e-07,2.126642,1.200366,9.87151112e-24,0.000259,1.200366
9.19016618e-07,2.219543,1.298391,9.19943823e-24,0.005563,1.298391
9.93096028e-07,1.060818,5.349584,1.14157366e-23,-0.001037,5.349584
8.83102585e-07,1.491184,3.302804,1.02095766e-23,-0.014803,3.302804
7.14630061e-07,2.225834,4.232946,9.57069053e-24,0.003205,4.232946
9.42073509e-07,1.951512,1.247568,9.14397431e-24,-0.007466,1.247568
6.79603089e-07,2.212685,0.263333,9.60618735e-24,0.002649,0.263333
6.74313821e-07,1.808493,5.055854,9.73130636e-24,-0.006321,5.055854
8.02067034e-07,1.311592,2.891931,1.04554837e-23,-0.008348,2.891931
9.47683051e-07,2.879823,2.718424,9.91587054e-24,0.019405,2.718424
9.43121861e-07,1.450239,0.737365,1.03734927e-23,-0.017761,0.737365
7.81234172e-07,0.630954,1.132203,1.03446135e-23,0.009363,1.132203
7.86604995e-07,1.357857,5.580103,1.03768811e-23,-0.009096,5.580103
5.59629968e-07,0.492024,1.853250,1.01335664e-23,0.005782,1.853250
8.39697681e-07,1.648607,4.258689,9.85810333e-24,-0.012994,4.258689
8.81819315e-07,2.051081,1.342767,9.26345906e-24,-0.001811,1.342767
5.75812840e-07,0.758914,4.571932,1.02679203e-23,0.004236,4.571932
8.76176924e-07,2.744713,0.257067,9.83929985e-24,0.014501,0.257067
7.80088241e-07,1.854869,0.766325,9.58196610e-24,-0.007226,0.766325
7.50955694e-07,1.712489,1.171500,9.79461183e-24,-0.009479,1.171500
6.44301901e-07,1.930274,3.716722,9.66711373e-24,-0.003542,3.716722
8.13045286e-07,1.356458,1.141303,1.04058022e-23,-0.009747,1.141303
8.90558303e-07,1.442060,0.861745,1.03281295e-23,-0.014398,0.861745
4.90067524e-07,1.128125,2.637300,1.02647254e-23,-0.001117,2.637300
9.91411257e-07,2.207747,6.004821,8.72311456e-24,0.007943,6.004821
8.94170401e-07,1.001452,4.700377,1.08081074e-23,0.001940,4.700377
5.93422285e-07,2.523751,4.295520,9.83209310e-24,0.005725,4.295520
2.99676571e-07,2.192852,4.651464,9.90722127e-24,0.000600,4.651464
5.54307083e-07,1.046509,4.681312,1.03264807e-23,0.000011,4.681312
6.63476806e-07,0.917273,6.049994,1.04130038e-23,0.002766,6.049994
9.25341438e-07,2.556498,3.741710,9.57695460e-24,0.015364,3.741710
8.35282192e-07,0.259037,5.121200,1.00896278e-23,0.013150,5.121200
9.60475234e-07,2.373576,3.925128,9.21424545e-24,0.013249,3.925128
6.12565636e-07,1.618089,1.347297,9.96673989e-24,-0.007148,1.347297
9.13624493e-07,1.486063,1.377361,1.02435808e-23,-0.016363,1.377361
9.75958297e-07,2.292217,1.709661,9.00969292e-24,0.011127,1.709661
7.72589540e-07,1.473250,2.775535,1.01881440e-23,-0.010604,2.775535
8.68186130e-07,2.109068,3.204157,9.29056531e-24,0.000579,3.204157
6.48038172e-07,2.220473,3.734964,9.64248279e-24,0.002580,3.734964
8.95186994e-07,1.666987,3.122722,9.78363549e-24,-0.015179,3.122722
5.64766410e-07,0.534691,4.988703,1.01543893e-23,0.005706,4.988703
4.15478929e-07,0.995227,1.066592,1.02117456e-23,0.000535,1.066592
5.59404415e-07,1.099109,4.832351,1.03279596e-23,-0.000886,4.832351
3.85087338e-07,1.498703,3.317040,1.00588705e-23,-0.003342,3.317040
4.73006213e-07,1.503027,4.357617,1.00703563e-23,-0.004623,4.357617
7.79272009e-07,0.952674,0.487351,1.05699873e-23,0.002799,0.487351
8.48940625e-07,1.360318,0.789974,1.04409383e-23,-0.010899,0.789974
6.35974605e-07,1.950288,5.542495,9.66550591e-24,-0.003053,5.542495
8.41844197e-07,1.916211,0.274287,9.43016373e-24,-0.006544,0.274287
8.70012761e-07,1.114466,4.723622,1.07420582e-23,-0.002717,4.723622
7.87218114e-07,0.666342,3.187762,1.03811605e-23,0.009053,3.187762
5.35162161e-07,2.823868,1.385937,9.97506533e-24,0.005697,1.385937
8.96292875e-07,0.786119,4.201481,1.06572155e-23,0.009645,4.201481
8.26154597e-07,1.670825,0.411438,9.82113487e-24,-0.012254,0.411438
9.14818675e-07,1.463545,2.217350,1.03019423e-23,-0.016080,2.217350
9.86228132e-07,1.118939,0.730413,1.12628358e-23,-0.005003,0.730413
8.98338482e-07,1.640333,6.060061,9.84599382e-24,-0.015687,6.060061
9.11616028e-07,2.268175,3.346014,9.25963560e-24,0.007274,3.346014
4.89826505e-07,1.767042,5.887142,9.87627259e-24,-0.004091,5.887142
6.16437743e-07,2.668993,4.752788,9.89674877e-24,0.006877,4.752788
5.44628330e-07,2.110166,0.033702,9.72317643e-24,0.000253,0.033702
9.61092804e-07,1.516140,4.119325,1.01992762e-23,-0.020607,4.119325
7.01896000e-07,2.452755,5.083663,9.71725764e-24,0.006948,5.083663
8.94959633e-07,0.340269,5.034758,1.01629023e-23,0.015628,5.034758
3.80552926e-07,0.884009,3.086131,1.01742795e-23,0.001377,3.086131
9.39131396e-07,2.328156,1.263518,9.23751401e-24,0.010405,1.263518
1.64929437e-07,2.050811,0.415972,9.97315718e-24,-0.000114,0.415972
9.78753299e-07,1.997251,3.602322,8.88332668e-24,-0.006312,3.602322
9.57767110e-07,2.290437,5.812729,9.11736104e-24,0.009843,5.812729
5.63488249e-07,2.083550,4.682485,9.70586981e-24,-0.000186,4.682485
3.15462599e-07,2.144296,5.932886,9.89490987e-24,0.000337,5.932886
7.33551291e-07,0.815893,4.948098,1.04397504e-23,0.005507,4.948098
9.25479241e-07,1.621492,6.157125,9.87942543e-24,-0.017516,6.157125
2.79158897e-07,1.312712,2.084139,1.00958348e-23,-0.001458,2.084139
9.05379427e-07,2.581226,4.755250,9.63905752e-24,0.014600,4.755250
4.77966901e-07,1.809524,3.309031,9.85735260e-24,-0.003542,3.309031
6.81881876e-07,0.976885,4.295065,1.04502136e-23,0.001626,4.295065
8.57486496e-07,0.770792,3.946872,1.05687791e-23,0.008904,3.946872
8.10925788e-07,1.611104,0.496162,9.94223070e-24,-0.012246,0.496162
7.16555409e-07,1.733964,4.146763,9.78590728e-24,-0.008358,4.146763
1.96184461e-07,0.894230,3.017728,1.00772252e-23,0.000475,3.017728
9.22768162e-07,1.226664,0.432576,1.07874661e-23,-0.008583,0.432576
3.55136043e-07,1.848888,3.536395,9.90513660e-24,-0.001970,3.536395
3.67415171e-07,2.369884,0.748257,9.89614488e-24,0.002008,0.748257
4.53563913e-07,2.669231,6.248019,9.94553112e-24,0.004167,6.248019
4.91344557e-07,2.008320,2.198535,9.77574801e-24,-0.001193,2.198535
8.69149650e-07,1.575055,4.983643,1.00105216e-23,-0.014619,4.983643
9.98986721e-07,1.186546,3.073196,1.15961373e-23,-0.013044,3.073196
9.71192347e-07,2.084037,4.265701,8.90552615e-24,-0.000629,4.265701
8.44342205e-07,2.440066,1.173379,9.56084456e-24,0.010006,1.173379
9.09911842e-07,2.597267,4.479752,9.65264958e-24,0.015037,4.479752
6.63765180e-07,1.354279,2.001312,1.02807120e-23,-0.006494,2.001312
8.90859496e-07,1.814957,0.458480,9.47979191e-24,-0.011364,0.458480
5.67134092e-07,1.248720,4.033800,1.02869280e-23,-0.003459,4.033800
7.11370454e-07,2.645695,3.158802,9.84544458e-24,0.008779,3.158802
8.96334707e-07,1.063531,0.695477,1.08190903e-23,-0.000712,0.695477
9.49750164e-07,1.827499,2.313238,9.31349529e-24,-0.013767,2.313238
2.97568006e-07,1.476107,5.247428,1.00542086e-23,-0.002210,5.247428
7.11883977e-07,2.977866,2.787285,1.00004142e-23,0.009452,2.787285
9.86002734e-07,1.219545,5.386030,1.11360016e-23,-0.011874,5.386030
8.93902853e-07,2.107736,0.622462,9.22779125e-24,0.000572,0.622462
4.01697216e-07,2.156706,3.464281,9.83943442e-24,0.000606,3.464281
6.89877949e-07,2.637752,3.712229,9.85021729e-24,0.008251,3.712229
9.78355460e-07,1.877798,4.001332,9.06392201e-24,-0.013668,4.001332
7.94570087e-07,0.592836,4.663084,1.03223423e-23,0.010146,4.663084
5.26912465e-07,0.642582,5.775215,1.01855566e-23,0.004556,5.775215
8.81991415e-07,0.894597,4.013896,1.07241984e-23,0.005862,4.013896
6.65648863e-07,0.494782,3.147101,1.01744280e-23,0.007774,3.147101
8.80270165e-07,1.597078,1.002943,9.95777244e-24,-0.015088,1.002943
6.37237193e-07,0.944980,6.209815,1.03940549e-23,0.002060,6.209815
5.87594924e-07,2.079442,1.871339,9.68321012e-24,-0.000275,1.871339
3.89040297e-07,1.873489,1.234546,9.87972873e-24,-0.002065,1.234546
7.52473528e-07,0.679806,3.723199,1.03597963e-23,0.008071,3.723199
8.11352189e-07,1.750483,1.035257,9.69062129e-24,-0.010462,1.035257
3.98577711e-07,1.386325,1.393311,1.01190637e-23,-0.003033,1.393311
7.24748676e-07,2.360443,4.483331,9.63288793e-24,0.006002,4.483331
8.48429677e-07,1.765267,1.213460,9.62769469e-24,-0.011282,1.213460
8.13691829e-07,1.912935,2.328897,9.47843924e-24,-0.006147,2.328897
9.88292599e-07,1.890091,0.961820,8.93716373e-24,-0.014309,0.961820
5.46985391e-07,1.621972,0.903304,9.97239293e-24,-0.005901,0.903304
7.48805750e-07,2.181630,1.433981,9.51138600e-24,0.002390,1.433981
5.61053279e-07,1.508192,2.375938,1.00813171e-23,-0.006114,2.375938
5.38286942e-07,2.087340,4.274938,9.72860858e-24,-0.000112,4.274938
8.37267588e-07,2.678993,5.326339,9.80430750e-24,0.012579,5.326339
7.89723821e-07,2.147575,1.767349,9.44267837e-24,0.001653,1.767349
8.30677002e-07,2.402007,5.545469,9.54197578e-24,0.008895,5.545469
7.81187130e-07,1.004815,0.069215,1.05868386e-23,0.001293,0.069215
8.07327104e-07,1.287324,1.610152,1.04917849e-23,-0.007800,1.610152
8.95056414e-07,1.255197,3.263466,1.06793247e-23,-0.008916,3.263466
8.54962106e-07,1.462159,6.180505,1.02547313e-23,-0.013200,6.180505
8.77385744e-07,1.494437,0.644563,1.01987265e-23,-0.014573,0.644563
4.59734692e-07,0.983767,5.400027,1.02436149e-23,0.000762,5.400027
6.94054918e-07,1.440175,2.837597,1.02001624e-23,-0.008277,2.837597
3.89629730e-07,1.535048,0.413976,1.00399253e-23,-0.003470,0.413976
7.83772760e-07,2.613438,5.229942,9.78195440e-24,0.010427,5.229942
8.57572320e-07,2.093420,3.540818,9.31316249e-24,-0.000037,3.540818
8.56861366e-07,2.468257,1.322758,9.57350845e-24,0.010901,1.322758
9.46149619e-07,2.196506,4.648334,9.08447370e-24,0.005152,4.648334
7.53053425e-07,1.377354,4.610382,1.03206089e-23,-0.008687,4.610382
9.46940169e-07,1.342715,5.364065,1.06557261e-23,-0.014745,5.364065
9.60569005e-07,0.745555,0.479010,1.07937098e-23,0.014020,0.479010
8.48392014e-07,1.480156,2.003040,1.02133817e-23,-0.013184,2.003040
9.92641565e-07,1.524989,3.358400,1.02188719e-23,-0.027357,3.358400
8.10660929e-07,1.411220,1.432572,1.03161963e-23,-0.010831,1.432572
9.70182996e-07,1.861696,2.836180,9.15191055e-24,-0.013725,2.836180
9.75271152e-07,0.278747,3.970666,1.01592138e-23,0.022749,3.970666
4.44521420e-07,2.216950,3.767074,9.81644663e-24,0.001352,3.767074
9.18346465e-07,0.305662,4.341412,1.01457973e-23,0.017077,4.341412
6.44704254e-07,2.341972,2.004971,9.69797947e-24,0.004582,2.004971
3.73546328e-07,2.088558,1.746868,9.85641000e-24,-0.000052,1.746868
9.14580574e-07,1.547929,4.633139,1.00815187e-23,-0.016975,4.633139
8.54539600e-07,1.348537,2.816004,1.04677534e-23,-0.010765,2.816004
7.51361059e-07,2.695153,5.795555,9.86078787e-24,0.010013,5.795555
6.40484157e-07,2.296527,4.912963,9.67972572e-24,0.003840,4.912963
9.62490560e-07,1.096063,1.419811,1.10669953e-23,-0.002833,1.419811
5.95770365e-07,1.097872,0.455124,1.03623083e-23,-0.000961,0.455124
9.60566440e-07,0.949489,3.134051,1.10305277e-23,0.005319,3.134051
5.88325690e-07,1.333795,4.198632,1.02477016e-23,-0.004994,4.198632
8.98853988e-07,0.237146,4.728908,1.00911376e-23,0.016034,4.728908
9.56124505e-07,1.670341,4.233154,9.70704432e-24,-0.019373,4.233154
2.69356774e-07,0.855309,3.031347,1.01081451e-23,0.000935,3.031347
8.27141411e-07,2.009307,5.647081,9.39114685e-24,-0.003032,5.647081
7.07169172e-07,2.248414,1.050461,9.58897841e-24,0.003628,1.050461
5.31373186e-07,2.131750,1.271912,9.73608643e-24,0.000572,1.271912
8.32575018e-07,2.028486,0.243663,9.37391442e-24,-0.002382,0.243663
8.73138222e-07,2.367220,5.446054,9.44132588e-24,0.009250,5.446054
8.05983567e-07,1.821301,4.737117,9.59177704e-24,-0.008668,4.737117
7.74918288e-07,1.228914,5.789095,1.05075507e-23,-0.005536,5.789095
8.86501437e-07,1.065811,5.133136,1.07932204e-23,-0.000786,5.133136
7.53577504e-07,2.164139,4.577714,9.49991286e-24,0.001952,4.577714
6.51268159e-07,2.966785,0.107790,1.00010409e-23,0.008032,0.107790
5.83294137e-07,0.702987,3.111698,1.02462144e-23,0.004890,3.111698
8.87143370e-07,1.833583,0.711360,9.45536992e-24,-0.010604,0.711360
5.76691234e-07,0.478042,3.638168,1.01331041e-23,0.006125,3.638168
9.40705749e-07,1.208473,2.071728,1.08700678e-23,-0.008345,2.071728
2.51527497e-07,0.857370,1.870820,1.00997035e-23,0.000835,1.870820
3.88003514e-07,1.994182,2.398868,9.85326765e-24,-0.000959,2.398868
6.67312892e-07,1.748763,0.411176,9.79820018e-24,-0.007132,0.411176
6.93559377e-07,1.602612,1.381104,9.97528590e-24,-0.008965,1.381104
7.78164092e-07,1.945837,3.580985,9.50390003e-24,-0.004603,3.580985
7.22965553e-07,2.473546,3.413102,9.71515902e-24,0.007604,3.413102
9.95712679e-07,2.078403,1.104894,8.54263021e-24,-0.001290,1.104894
9.98092905e-07,1.221036,1.706534,1.14379504e-23,-0.015247,1.706534
6.03151867e-07,2.101304,0.359075,9.66773159e-24,0.000132,0.359075
9.22885267e-07,1.752485,0.333461,9.54727205e-24,-0.014807,0.333461
7.82228031e-07,2.816345,3.003433,9.92656450e-24,0.011259,3.003433
6.40309072e-07,0.403804,1.544478,1.01180672e-23,0.007556,1.544478
6.85581306e-07,1.179451,1.381534,1.04319124e-23,-0.003210,1.381534
9.44712234e-07,2.634788,1.198724,9.64932435e-24,0.017766,1.198724
3.75031912e-07,2.688695,3.820005,9.96895060e-24,0.003128,3.820005
4.62265316e-07,2.527415,0.045822,9.89621892e-24,0.003830,0.045822
3.70103826e-07,2.201865,6.196731,9.86512868e-24,0.000900,6.196731
8.88239127e-07,0.822568,2.163528,1.06770220e-23,0.008338,2.163528
7.87559889e-07,2.632232,4.280138,9.79504680e-24,0.010670,4.280138
7.39914124e-07,2.026664,3.020611,9.51868384e-24,-0.001902,3.020611
7.22958026e-07,3.007541,4.928238,1.00065662e-23,0.009739,4.928238
8.00588166e-07,1.606314,3.854019,9.95340138e-24,-0.011923,3.854019
9.51150166e-07,1.807524,1.082945,9.35218379e-24,-0.014700,1.082945
7.51444634e-07,2.340308,3.395720,9.59029779e-24,0.006064,3.395720
7.16366565e-07,1.286644,5.686584,1.03902322e-23,-0.006094,5.686584
8.55369952e-07,2.389481,2.388391,9.49371631e-24,0.009281,2.388391
2.57378787e-07,2.578408,4.409829,9.97698943e-24,0.001640,4.409829
9.99056689e-07,2.529671,2.770506,9.09399561e-24,0.028842,2.770506
6.87491312e-07,0.663573,0.235658,1.02949714e-23,0.006967,0.235658
8.14825172e-07,0.127197,2.861839,1.00361887e-23,0.012476,2.861839
9.08208486e-07,0.751714,1.166315,1.06444138e-23,0.011018,1.166315
9.45020854e-07,2.062190,4.655946,9.05837492e-24,-0.001702,4.655946
8.31793436e-07,1.190242,3.620885,1.06234184e-23,-0.005145,3.620885
7.23540904e-07,2.288788,2.604403,9.59034852e-24,0.004644,2.604403
9.37305720e-07,1.898785,1.689771,9.22915294e-24,-0.009873,1.689771
7.02150946e-07,0.836517,4.481795,1.04178298e-23,0.004694,4.481795
7.48512206e-07,0.516123,3.074000,1.02281942e-23,0.009566,3.074000
4.83231956e-07,0.746498,2.233171,1.02021383e-23,0.003283,2.233171
5.55753380e-07,2.585805,0.195771,9.88028666e-24,0.005464,0.195771
9.66679340e-07,2.218185,5.517565,8.99359849e-24,0.006880,5.517565
8.32885143e-07,2.438257,1.471381,9.57401370e-24,0.009648,1.471381
3.14241630e-07,2.775350,3.808311,9.99430113e-24,0.002457,3.808311
7.14009039e-07,1.991804,3.611898,9.56314358e-24,-0.002692,3.611898
6.72371790e-07,2.436465,4.003720,9.72984798e-24,0.006234,4.003720
