7.21772777e-07,1.679143,1.870975,9.85818039e-24,-0.009157,1.870975
7.25813107e-07,1.340764,5.672151,1.03432673e-23,-0.007404,5.672151
7.20005795e-07,1.873273,4.710079,9.63040454e-24,-0.005734,4.710079
7.61334570e-07,1.442889,3.347758,1.02312087e-23,-0.009935,3.347758
6.13835512e-07,2.767095,1.722981,9.94182055e-24,0.007082,1.722981
9.59815130e-07,1.351712,0.240151,1.06767675e-23,-0.016111,0.240151
7.42669279e-07,1.831676,2.719423,9.64766367e-24,-0.007076,2.719423
5.74942758e-07,2.470746,1.532751,9.81557269e-24,0.005045,1.532751
9.71088402e-07,0.892071,3.191450,1.10461502e-23,0.008693,3.191450
5.82232787e-07,1.847739,5.580881,9.76876556e-24,-0.004332,5.580881
6.52772443e-07,0.724847,0.395265,1.03076132e-23,0.005684,0.395265
8.85599544e-07,0.986066,3.169565,1.07816927e-23,0.002504,3.169565
9.86981879e-07,1.373009,3.470275,1.07603831e-23,-0.020808,3.470275
8.01766665e-07,2.153690,6.156925,9.42481254e-24,0.001899,6.156925
4.93679088e-07,0.648153,1.445150,1.01712364e-23,0.004070,1.445150
7.87873587e-07,1.567982,3.346618,1.00254557e-23,-0.011588,3.346618
8.43144104e-07,2.037225,4.710819,9.35109541e-24,-0.002129,4.710819
5.60153928e-07,1.528449,1.368185,1.00616305e-23,-0.006163,1.368185
6.31326360e-07,1.847023,1.857542,9.73202752e-24,-0.004986,1.857542
9.99237696e-07,2.271546,2.810202,8.45070077e-24,0.015322,2.810202
7.09347057e-07,1.603072,1.649871,9.97267583e-24,-0.009348,1.649871
4.56051919e-07,2.501724,2.435812,9.89008843e-24,0.003630,2.435812
7.91917559e-07,1.969444,0.635922,9.46913581e-24,-0.004032,0.635922
8.89679846e-07,1.906382,1.769294,9.34806922e-24,-0.007974,1.769294
9.97965414e-07,0.740815,5.684965,1.11939957e-23,0.021712,5.684965
6.72806419e-07,2.370312,0.278707,9.68876596e-24,0.005371,0.278707
7.03814104e-07,1.002298,3.758741,1.04808696e-23,0.001113,3.758741
7.56308381e-07,0.716694,2.190938,1.03927397e-23,0.007622,2.190938
7.67381444e-07,2.867590,3.448216,9.95607945e-24,0.010891,3.448216
9.00222716e-07,2.033827,5.962971,9.22143744e-24,-0.002697,5.962971
5.87351986e-07,0.532304,4.871237,1.01623030e-23,0.006104,4.871237
5.55462662e-07,2.273807,3.743006,9.74508367e-24,0.002724,3.743006
7.18742214e-07,1.065386,0.396880,1.05024157e-23,-0.000479,0.396880
7.09532631e-07,0.177264,3.365208,1.00435007e-23,0.009390,3.365208
9.84524924e-07,2.591692,0.723338,9.46428686e-24,0.022224,0.723338
9.23965802e-07,1.007881,4.915866,1.08989273e-23,0.001861,4.915866
2.86841829e-07,0.664510,5.478295,1.00881878e-23,0.001715,5.478295
8.00806692e-07,1.663378,3.978150,9.84807539e-24,-0.011502,3.978150
8.70120420e-07,2.213587,2.656450,9.32116915e-24,0.004507,2.656450
8.19133767e-07,2.041776,4.893475,9.39417101e-24,-0.001828,4.893475
9.68112627e-07,1.186950,3.379858,1.10293168e-23,-0.008380,3.379858
9.40964710e-07,2.323686,6.214196,9.22582854e-24,0.010328,6.214196
8.25819891e-07,1.911367,1.944874,9.46117783e-24,-0.006411,1.944874
6.87382631e-07,2.564346,2.129690,9.80393080e-24,0.007739,2.129690
9.10434428e-07,2.196197,1.365288,9.21050655e-24,0.004445,1.365288
3.83114847e-07,1.107443,2.100210,1.01884152e-23,-0.000564,2.100210
4.58656578e-07,2.075615,1.694718,9.79492612e-24,-0.000231,1.694718
2.05433474e-07,1.621371,3.074702,1.00098660e-23,-0.001303,3.074702
9.65963930e-07,1.541670,5.139485,1.01188375e-23,-0.021432,5.139485
7.61083131e-07,2.754363,2.738793,9.89578922e-24,0.010492,2.738793
7.85157979e-07,2.379590,6.280147,9.58023784e-24,0.007429,6.280147
6.29170845e-07,2.264619,0.248424,9.67694265e-24,0.003211,0.248424
4.35319747e-07,2.175001,4.613470,9.81716144e-24,0.000881,4.613470
8.89765369e-07,2.691825,1.951280,9.77988336e-24,0.014857,1.951280
7.12672259e-07,0.904295,5.409484,1.04628982e-23,0.003441,5.409484
9.69418596e-07,2.401021,4.860924,9.21238349e-24,0.014962,4.860924
9.73012039e-07,0.976665,2.948115,1.11298807e-23,0.004209,2.948115
6.82764617e-07,1.560337,3.832366,1.00347303e-23,-0.008749,3.832366
1.14723968e-07,0.895697,0.339689,1.00457608e-23,0.000210,0.339689
9.30728255e-07,0.619028,3.629173,1.05199985e-23,0.015125,3.629173
3.98089488e-07,1.138767,5.634277,1.01953283e-23,-0.000912,5.634277
7.13192034e-07,0.683174,1.186531,1.03285653e-23,0.007230,1.186531
9.00985379e-07,1.557617,3.261988,1.00539471e-23,-0.016200,3.261988
5.21627972e-07,2.370945,2.858407,9.80532172e-24,0.003493,2.858407
8.69794593e-07,1.221769,5.196081,1.06656935e-23,-0.006977,5.196081
9.88288085e-07,0.739919,3.315756,1.09712466e-23,0.017658,3.315756
6.92819330e-07,2.129530,3.164783,9.57181553e-24,0.000849,3.164783
8.40150851e-07,1.437989,0.993861,1.02918037e-23,-0.012265,0.993861
7.33171673e-07,2.416757,3.154837,9.66412893e-24,0.007048,3.154837
9.39736287e-07,0.249251,1.773387,1.01117276e-23,0.018733,1.773387
7.60044620e-07,2.034205,0.363822,9.48903310e-24,-0.001782,0.363822
6.36111774e-07,2.122596,5.863353,9.63491679e-24,0.000586,5.863353
9.90786129e-07,0.683445,2.305364,1.08918429e-23,0.020419,2.305364
6.16712223e-07,1.091937,0.417114,1.03838670e-23,-0.000899,0.417114
9.55062824e-07,0.353835,4.089429,1.02164747e-23,0.019862,4.089429
8.95528773e-07,1.303241,3.606147,1.06090433e-23,-0.010734,3.606147
7.40048412e-07,0.241887,0.687653,1.00669734e-23,0.010153,0.687653
7.10669260e-07,2.299171,0.797273,9.61042277e-24,0.004689,0.797273
8.62087983e-07,1.207551,0.448323,1.06643834e-23,-0.006282,0.448323
5.41517976e-07,1.298505,3.188182,1.02406826e-23,-0.003904,3.188182
8.52058640e-07,1.881621,6.243184,9.45012803e-24,-0.007954,6.243184
9.00251510e-07,2.498429,0.895475,9.54444936e-24,0.013091,0.895475
7.47476068e-07,2.379389,5.951688,9.62237826e-24,0.006711,5.951688
5.07148153e-07,1.593583,1.911827,1.00013770e-23,-0.005274,1.911827
8.25366869e-07,0.672416,1.510760,1.04272042e-23,0.009964,1.510760
9.34498021e-07,1.841763,3.920058,9.33321524e-24,-0.012271,3.920058
4.91733845e-07,2.730825,4.670730,9.95518882e-24,0.004861,4.670730
5.94472033e-07,2.861096,0.704044,9.97818158e-24,0.006816,0.704044
9.74662109e-07,1.918788,4.669459,9.01696501e-24,-0.010927,4.669459
7.23618393e-07,1.158182,0.896882,1.04858460e-23,-0.002987,0.896882
9.47742496e-07,2.592775,3.746656,9.58489000e-24,0.017481,3.746656
8.05189690e-07,1.628342,1.601562,9.91092365e-24,-0.011953,1.601562
7.94865117e-07,1.303552,5.502985,1.04568598e-23,-0.007975,5.502985
7.88093254e-07,0.850171,1.721529,1.05295585e-23,0.005582,1.721529
2.48767033e-07,1.055354,4.892834,1.01085520e-23,-0.000039,4.892834
8.72879711e-07,1.341698,4.618476,1.05052915e-23,-0.011183,4.618476
8.51290523e-07,1.543486,0.859948,1.00797906e-23,-0.013802,0.859948
9.58444044e-07,1.816229,2.572937,9.30644233e-24,-0.014892,2.572937
9.82204927e-07,0.956216,0.714995,1.12018167e-23,0.005788,0.714995
8.77996536e-07,0.142695,2.769717,1.00443628e-23,0.015023,2.769717
8.34051132e-07,1.064343,4.582470,1.06797134e-23,-0.000617,4.582470
9.74124811e-07,0.908057,3.775161,1.10849691e-23,0.008051,3.775161
8.11318520e-07,2.882410,5.670096,9.95547079e-24,0.012290,5.670096
9.79242492e-07,2.142404,0.911755,8.84513252e-24,0.003037,0.911755
9.85681655e-07,1.841331,0.153990,9.08248042e-24,-0.016793,0.153990
9.07464412e-07,1.453110,5.606998,1.03199475e-23,-0.015471,5.606998
9.11736500e-07,0.446919,1.106798,1.02765842e-23,0.016047,1.106798
4.87456092e-07,1.183993,1.090432,1.02506569e-23,-0.001867,1.090432
8.08631776e-07,1.327731,4.214619,1.04419894e-23,-0.008924,4.214619
6.01826420e-07,1.785568,0.696775,9.80227208e-24,-0.005498,0.696775
7.32295087e-07,2.016098,5.499979,9.53174530e-24,-0.002156,5.499979
4.27628587e-07,0.962461,4.219267,1.02174255e-23,0.000899,4.219267
7.79687072e-07,0.973932,0.427957,1.05774695e-23,0.002196,0.427957
8.37617451e-07,1.259540,4.718668,1.05674646e-23,-0.007611,4.718668
4.88189301e-07,2.185337,5.827095,9.77830490e-24,0.001185,5.827095
9.94335829e-07,1.706256,3.042854,9.43113081e-24,-0.026035,3.042854
9.92504236e-07,0.650099,0.070647,1.08463202e-23,0.022106,0.070647
8.39901811e-07,1.730517,3.539446,9.69867964e-24,-0.011761,3.539446
9.80847773e-07,1.339131,5.377280,1.08138112e-23,-0.018010,5.377280
1.91087199e-07,0.405890,0.480757,1.00352906e-23,0.001145,0.480757
2.26441897e-07,2.055042,0.960370,9.94420166e-24,-0.000165,0.960370
8.30470501e-07,0.560378,6.107306,1.03223349e-23,0.011565,6.107306
8.65705644e-07,1.060465,1.219195,1.07446411e-23,-0.000524,1.219195
9.82800164e-07,1.719383,2.858484,9.47161049e-24,-0.021825,2.858484
9.75973831e-07,2.171107,0.166447,8.88990918e-24,0.004665,0.166447
7.38657129e-07,1.315762,1.533535,1.03827400e-23,-0.007131,1.533535
9.03097183e-07,0.696631,4.436906,1.05672386e-23,0.012150,4.436906
9.58798544e-07,1.799373,6.057013,9.34447224e-24,-0.015635,6.057013
7.36202593e-07,1.297498,2.452527,1.03994809e-23,-0.006676,2.452527
3.40736144e-07,2.275125,5.424867,9.89298833e-24,0.001270,5.424867
9.77174835e-07,1.819763,0.057168,9.20579425e-24,-0.016629,0.057168
6.93779581e-07,1.196901,2.447500,1.04321239e-23,-0.003704,2.447500
3.78290100e-07,1.691686,1.171727,9.95849818e-24,-0.003100,1.171727
9.27397642e-07,2.038318,5.703685,9.13547348e-24,-0.002759,5.703685
8.18861287e-07,1.873919,1.154770,9.51050815e-24,-0.007466,1.154770
5.99575707e-07,0.128718,3.848051,1.00293940e-23,0.006966,3.848051
8.66233081e-07,1.631736,0.168279,9.88227066e-24,-0.014225,0.168279
9.89240570e-07,1.780806,0.477384,9.21938969e-24,-0.020815,0.477384
9.98729481e-07,1.546346,0.823915,1.01486448e-23,-0.033281,0.823915
8.44773369e-07,1.001371,0.835474,1.06960743e-23,0.001667,0.835474
4.26663456e-07,1.165364,0.286977,1.02108102e-23,-0.001310,0.286977
9.23430278e-07,2.108507,3.274013,9.13926738e-24,0.000673,3.274013
3.72887339e-07,1.119101,3.710134,1.01805659e-23,-0.000647,3.710134
8.95787093e-07,0.937761,0.732260,1.07855952e-23,0.004521,0.732260
4.09063801e-07,2.120570,2.185959,9.83212268e-24,0.000266,2.185959
7.88367913e-07,1.931999,2.937316,9.49949753e-24,-0.005158,2.937316
6.83693200e-07,2.911389,1.848244,9.98392602e-24,0.008745,1.848244
3.46282347e-07,2.176433,4.705367,9.87785145e-24,0.000629,4.705367
5.61204342e-07,1.145383,3.147093,1.03211225e-23,-0.001689,3.147093
8.36786164e-07,1.465555,3.674757,1.02359242e-23,-0.012563,3.674757
6.93976131e-07,1.685842,0.952493,9.86085792e-24,-0.008440,0.952493
9.08640569e-07,1.996678,0.228279,9.21672442e-24,-0.004490,0.228279
5.66896358e-07,0.786732,4.651132,1.02737265e-23,0.003826,4.651132
4.18383852e-07,2.879773,4.132872,9.99944125e-24,0.003878,4.132872
9.95840256e-07,1.702664,5.602227,9.42452412e-24,-0.027132,5.602227
7.66430133e-07,2.331158,0.387441,9.56627462e-24,0.006125,0.387441
4.37439930e-07,1.240615,2.367797,1.01986713e-23,-0.002194,2.367797
7.28263624e-07,1.343888,0.001033,1.03417913e-23,-0.007514,0.001033
4.06212635e-07,0.301832,2.717853,1.00467382e-23,0.003688,2.717853
7.36087213e-07,2.639109,6.067701,9.82893681e-24,0.009337,6.067701
8.41477485e-07,1.706899,0.981291,9.74147984e-24,-0.012256,0.981291
6.46214953e-07,1.329582,4.157033,1.02913146e-23,-0.005801,4.157033
5.46548490e-07,2.344176,3.425745,9.77751879e-24,0.003488,3.425745
9.25231016e-07,2.729980,6.114386,9.78999775e-24,0.017116,6.114386
5.45457443e-07,1.146633,6.055979,1.03070469e-23,-0.001632,6.055979
4.10004387e-07,0.899372,6.048494,1.01959064e-23,0.001414,6.048494
5.20544529e-07,1.745021,6.141350,9.87719279e-24,-0.004717,6.141350
8.04231840e-07,2.621131,1.495033,9.77497380e-24,0.011085,1.495033
6.13550587e-07,1.852310,4.324367,9.74214444e-24,-0.004658,4.324367
9.86267915e-07,0.792850,4.427093,1.10419704e-23,0.014994,4.427093
7.86328878e-07,1.414346,2.147341,1.02921811e-23,-0.010185,2.147341
2.91939061e-07,2.663637,5.809696,9.98153996e-24,0.002107,5.809696
5.13899449e-07,1.321230,5.922513,1.02098426e-23,-0.003855,5.922513
9.84638621e-07,0.655609,0.249996,1.07757264e-23,0.019779,0.249996
9.58195837e-07,1.762235,0.976538,9.43996055e-24,-0.017014,0.976538
8.33729654e-07,2.138279,0.235866,9.36538647e-24,0.001548,0.235866
7.13386974e-07,0.704821,5.483551,1.03441918e-23,0.006959,5.483551
8.91130976e-07,1.018733,3.440176,1.08037667e-23,0.001203,3.440176
8.60941706e-07,2.274236,5.607514,9.38062855e-24,0.006347,5.607514
8.18215858e-07,0.818271,3.477981,1.05495213e-23,0.006866,3.477981
7.99204920e-07,2.366778,0.245719,9.55243899e-24,0.007460,0.245719
7.17943237e-07,1.620400,5.862602,9.94559619e-24,-0.009497,5.862602
7.04920297e-07,2.604128,3.175421,9.82090570e-24,0.008391,3.175421
9.91981151e-07,0.837289,1.247637,1.12001703e-23,0.013875,1.247637
5.45972086e-07,1.042622,2.737831,1.03189206e-23,0.000074,2.737831
6.51293500e-07,2.885595,1.045961,9.97914531e-24,0.007999,1.045961
7.73360273e-07,1.494301,5.061524,1.01530777e-23,-0.010824,5.061524
7.01823966e-07,2.929428,4.810489,9.98784213e-24,0.009188,4.810489
8.87223578e-07,1.140607,0.020800,1.07698529e-23,-0.003990,0.020800
8.91967986e-07,0.260348,2.368314,1.01035863e-23,0.015639,2.368314
6.87323883e-07,0.486183,2.311923,1.01783934e-23,0.008280,2.311923
6.03685684e-07,2.451908,4.344105,9.78796393e-24,0.005309,4.344105
6.58517342e-07,1.907785,5.958941,9.66624544e-24,-0.004160,5.958941
6.95611021e-07,2.205102,0.760624,9.58551265e-24,0.002599,0.760624
8.50919684e-07,2.381635,1.518812,9.49294382e-24,0.008982,1.518812
6.56149876e-07,0.930841,4.255824,1.04096937e-23,0.002449,4.255824
8.78759283e-07,1.219919,4.113924,1.06860291e-23,-0.007104,4.113924
9.48670931e-07,0.435278,2.391384,1.03040304e-23,0.018774,2.391384
8.19496811e-07,2.931290,3.253220,9.97651125e-24,0.012613,3.253220
2.58214064e-07,1.982179,2.241181,9.93153301e-24,-0.000577,2.241181
8.38435037e-07,1.616190,4.613138,9.92534626e-24,-0.013207,4.613138
7.89938481e-07,1.789106,3.235694,9.65299169e-24,-0.009059,3.235694
6.28906532e-07,2.541696,0.113131,9.82273135e-24,0.006454,0.113131
8.38171005e-07,0.752373,4.234061,1.05212834e-23,0.008819,4.234061
9.46237045e-07,1.484198,0.188191,1.02809776e-23,-0.018673,0.188191
5.50985186e-07,1.641553,0.828353,9.95354546e-24,-0.005902,0.828353
5.90022800e-07,1.230343,0.958964,1.03148600e-23,-0.003380,0.958964
9.59057453e-07,1.201647,5.505815,1.09589250e-23,-0.008757,5.505815
9.32109093e-07,1.207540,0.198056,1.08405041e-23,-0.007999,0.198056
8.67007419e-07,2.922174,3.141851,9.96556240e-24,0.014483,3.141851
1.55820528e-07,1.811245,0.475646,9.99065038e-24,-0.000638,0.475646
8.57537914e-07,2.469526,0.673097,9.57396216e-24,0.010946,0.673097
4.38807345e-07,1.744277,2.821815,9.91167664e-24,-0.003599,2.821815
8.02629012e-07,2.433325,5.017058,9.60581021e-24,0.008782,5.017058
7.43270683e-07,2.083802,5.021398,9.50535006e-24,-0.000297,5.021398
6.78295286e-07,0.542184,0.302974,1.02090335e-23,0.007786,0.302974
9.82417436e-07,2.239422,3.137852,8.88679770e-24,0.008950,3.137852
4.76168064e-07,1.490400,1.830450,1.00801073e-23,-0.004629,1.830450
9.21369993e-07,0.386998,1.908954,1.02217235e-23,0.016990,1.908954
4.59935583e-07,1.335978,2.198607,1.01716524e-23,-0.003369,2.198607
4.25415274e-07,1.809992,2.179129,9.88445597e-24,-0.002944,2.179129
8.27564513e-07,1.494606,0.020111,1.01738113e-23,-0.012566,0.020111
6.28610974e-07,1.605667,6.078685,9.97893526e-24,-0.007512,6.078685
8.46946770e-07,2.779880,0.308381,9.88197984e-24,0.013395,0.308381
7.56422710e-07,1.363626,1.341352,1.03416050e-23,-0.008502,1.341352
8.12109759e-07,2.519793,5.257045,9.67610580e-24,0.010305,5.257045
6.82501677e-07,1.207098,3.692898,1.04143409e-23,-0.003830,3.692898
9.92243707e-07,1.602650,1.466058,9.88293248e-24,-0.027316,1.466058
9.41914694e-07,2.544673,5.914745,9.52811080e-24,0.016268,5.914745
6.34077101e-07,1.375737,2.395655,1.02401732e-23,-0.006293,2.395655
8.22882826e-07,2.570146,3.154493,9.71420580e-24,0.011207,3.154493
9.29388866e-07,1.370620,4.035914,1.05482990e-23,-0.014616,4.035914
9.66301455e-07,1.684677,0.659171,9.64272617e-24,-0.020207,0.659171
4.43644421e-07,1.886776,4.560972,9.84290276e-24,-0.002394,4.560972
9.65843714e-07,1.445199,3.860641,1.04334939e-23,-0.019862,3.860641
9.56748566e-07,1.299279,4.065054,1.07840353e-23,-0.013593,4.065054
6.80485784e-07,1.325140,0.940815,1.03218933e-23,-0.006282,0.940815
8.14384277e-07,1.852992,4.863025,9.54107966e-24,-0.007991,4.863025
8.63236566e-07,0.893847,5.542530,1.06836897e-23,0.005554,5.542530
7.99593678e-07,0.892916,2.233814,1.05726125e-23,0.004653,2.233814
6.81677946e-07,2.389348,5.207180,9.69243943e-24,0.005775,5.207180
8.60302449e-07,1.341974,1.797668,1.04864854e-23,-0.010768,1.797668
4.10641034e-07,2.106946,0.387844,9.83062934e-24,0.000129,0.387844
4.67889322e-07,1.138363,3.866899,1.02457561e-23,-0.001169,3.866899
8.16753738e-07,0.658953,6.111718,1.04046161e-23,0.009929,6.111718
2.49313863e-07,2.122384,1.777197,9.93202895e-24,0.000133,1.777197
6.55066750e-07,1.424139,5.028060,1.02006952e-23,-0.007283,5.028060
5.54468436e-07,1.627648,2.527343,9.96593338e-24,-0.006017,2.527343
8.97195819e-07,0.952375,3.485872,1.07971860e-23,0.003968,3.485872
6.51448171e-07,2.579283,0.020082,9.83286535e-24,0.007122,0.020082
8.33148071e-07,1.221316,0.257599,1.05996784e-23,-0.006244,0.257599
9.33949285e-07,2.260102,0.310507,9.18313632e-24,0.007608,0.310507
9.81372214e-07,1.784053,2.318721,9.27546293e-24,-0.018963,2.318721
6.79568587e-07,1.629361,2.262278,9.94081361e-24,-0.008533,2.262278
6.83350059e-07,1.681548,4.085205,9.87084521e-24,-0.008244,4.085205
7.27625025e-07,1.310069,3.957342,1.03782219e-23,-0.006802,3.957342
9.54213754e-07,0.470869,1.698993,1.03588856e-23,0.018989,1.698993
8.25684312e-07,2.121873,4.800246,9.37750387e-24,0.000953,4.800246
4.86734006e-07,2.758757,0.886306,9.96440369e-24,0.004823,0.886306
3.09717792e-07,1.119925,5.873153,1.01408719e-23,-0.000492,5.873153
9.83400513e-07,2.364026,0.646110,9.05421567e-24,0.015214,0.646110
8.50268629e-07,2.072192,3.474839,9.32963504e-24,-0.000839,3.474839
8.35324933e-07,2.022524,0.259531,9.37092144e-24,-0.002620,0.259531
9.75342481e-07,0.640287,0.759684,1.06899417e-23,0.018632,0.759684
6.28964896e-07,1.892788,2.619089,9.70260980e-24,-0.004124,2.619089
4.93238645e-07,2.041921,4.618024,9.76964825e-24,-0.000730,4.618024
9.15293954e-07,1.240484,2.230297,1.07483317e-23,-0.008946,2.230297
9.30923478e-07,2.260731,0.548447,9.19413255e-24,0.007539,0.548447
5.92674006e-07,1.488041,2.451054,1.01082237e-23,-0.006604,2.451054
9.22739834e-07,2.506892,2.926727,9.51525964e-24,0.014367,2.926727
6.16167937e-07,1.930243,4.185074,9.69350858e-24,-0.003278,4.185074
6.46933103e-07,2.201174,1.896633,9.63779930e-24,0.002204,1.896633
3.66739706e-07,0.464280,4.431349,1.00723453e-23,0.003006,4.431349
6.27065141e-07,0.666041,5.454469,1.02548632e-23,0.005891,5.454469
8.62772991e-07,1.897649,4.184160,9.41251901e-24,-0.007642,4.184160
8.49596373e-07,0.829730,4.960490,1.06090656e-23,0.007205,4.960490
8.44620177e-07,1.052836,3.594393,1.07008327e-23,-0.000209,3.594393
5.27602919e-07,0.449355,2.391552,1.01069699e-23,0.005364,2.391552
5.18094351e-07,0.424699,3.387146,1.00958529e-23,0.005261,3.387146
5.93759145e-07,2.566189,0.305948,9.85392400e-24,0.005995,0.305948
7.64087360e-07,1.455395,2.120091,1.02130546e-23,-0.010166,2.120091
8.33629044e-07,1.771583,1.557802,9.63372183e-24,-0.010660,1.557802
4.87645910e-07,2.100461,5.452953,9.77160367e-24,0.000082,5.452953
6.32253821e-07,1.556699,6.191843,1.00372530e-23,-0.007626,6.191843
5.50094476e-07,0.472626,3.342921,1.01223984e-23,0.005680,3.342921
6.19319602e-07,2.148435,3.116367,9.65518213e-24,0.001062,3.116367
9.03997059e-07,1.280652,4.000413,1.06627336e-23,-0.010201,4.000413
9.25530415e-07,2.685959,5.733115,9.74026120e-24,0.016840,5.733115
8.51876683e-07,0.227629,0.017083,1.00766042e-23,0.013831,0.017083
9.19515333e-07,1.207362,3.474032,1.08008846e-23,-0.007603,3.474032
7.79762006e-07,1.604377,1.515593,9.96051921e-24,-0.011274,1.515593
9.22654690e-07,2.011949,4.596953,9.16429684e-24,-0.003990,4.596953
3.47460206e-07,0.331379,1.764576,1.00452696e-23,0.002885,1.764576
7.62342805e-07,2.955430,5.236825,9.99091270e-24,0.010803,5.236825
7.59489649e-07,1.145480,4.651160,1.05381162e-23,-0.002911,4.651160
7.01068774e-07,0.536555,1.288180,1.02170959e-23,0.008311,1.288180
6.31003477e-07,1.437689,2.903956,1.01746641e-23,-0.006955,2.903956
6.61265036e-07,2.174793,1.550381,9.61577889e-24,0.001750,1.550381
8.31607888e-07,1.108088,3.717120,1.06665642e-23,-0.002194,3.717120
7.98335780e-07,1.446115,5.864930,1.02478309e-23,-0.011026,5.864930
8.91217271e-07,0.726451,1.607930,1.05803820e-23,0.011007,1.607930
8.41868390e-07,1.935457,1.830710,9.41249255e-24,-0.005866,1.830710
9.11708905e-07,1.188561,1.598204,1.07978052e-23,-0.006543,1.598204
3.29779891e-07,1.851936,3.845435,9.91668140e-24,-0.001739,3.845435
8.67299343e-07,1.223445,4.194860,1.06590243e-23,-0.006987,4.194860
5.75166622e-07,1.715731,2.145612,9.87764148e-24,-0.005840,2.145612
8.95759943e-07,1.183507,1.701717,1.07601362e-23,-0.005971,1.701717
8.07013784e-07,1.297390,4.125183,1.04792884e-23,-0.008076,4.125183
4.41270824e-07,1.057493,5.459754,1.02326132e-23,-0.000119,5.459754
9.30354212e-07,2.048890,4.610717,9.12111792e-24,-0.002262,4.610717
6.46139581e-07,2.107810,0.413956,9.62330535e-24,0.000288,0.413956
2.42253040e-07,1.837486,3.030922,9.95787637e-24,-0.001145,3.030922
4.47929537e-07,1.676707,2.816037,9.94943189e-24,-0.004103,2.816037
8.85720416e-07,0.279356,3.590819,1.01141032e-23,0.015293,3.590819
6.10524830e-07,2.833120,1.785977,9.96712723e-24,0.007107,1.785977
9.26946802e-07,1.571231,4.403982,1.00191025e-23,-0.017843,4.403982
9.36925663e-07,2.437085,2.988996,9.38675814e-24,0.013631,2.988996
9.77753957e-07,1.895702,1.144036,9.03352864e-24,-0.012567,1.144036
1.92489421e-07,2.413516,6.212882,9.97746796e-24,0.000837,6.212882
9.50219888e-07,2.655893,2.902912,9.66853553e-24,0.018467,2.902912
4.85725635e-07,0.589681,6.013436,1.01454042e-23,0.004256,6.013436
9.21367711e-07,2.770327,4.421336,9.83452585e-24,0.017060,4.421336
6.06600653e-07,0.973038,2.160059,1.03695118e-23,0.001393,2.160059
4.72105285e-07,2.734110,4.182392,9.96021797e-24,0.004560,4.182392
8.05789154e-07,2.254708,3.120256,9.46209516e-24,0.004898,3.120256
8.55955502e-07,2.890188,2.083397,9.95093332e-24,0.013978,2.083397
9.55346492e-07,1.319458,4.758385,1.07356382e-23,-0.014394,4.758385
6.93126945e-07,2.728920,5.387322,9.90278209e-24,0.008688,5.387322
8.85689289e-07,2.439891,4.188454,9.49860355e-24,0.011354,4.188454
9.35198093e-07,2.575861,2.811034,9.58555418e-24,0.016290,2.811034
8.74548142e-07,0.395274,1.269890,1.01990129e-23,0.014434,1.269890
7.60419946e-07,1.670575,3.475166,9.85429962e-24,-0.010241,3.475166
8.78176205e-07,0.852752,4.478357,1.06829649e-23,0.007159,4.478357
6.76791143e-07,0.713558,0.715573,1.03196728e-23,0.006206,0.715573
9.91591669e-07,2.571437,0.957780,9.37158756e-24,0.023875,0.957780
6.22504378e-07,1.539495,0.737528,1.00568647e-23,-0.007394,0.737528
7.52558891e-07,2.563715,0.783682,9.76246754e-24,0.009198,0.783682
9.31855396e-07,1.811861,0.708693,9.39871805e-24,-0.013317,0.708693
9.23749490e-07,2.780874,0.937145,9.84304997e-24,0.017261,0.937145
3.93078922e-07,1.752327,1.717966,9.92503714e-24,-0.002986,1.717966
9.71449159e-07,1.912594,4.454269,9.04957426e-24,-0.011037,4.454269
4.27747959e-07,1.943955,4.814684,9.83608685e-24,-0.001666,4.814684
9.29923237e-07,3.063268,2.784830,1.00116079e-23,0.018057,2.784830
5.31482582e-07,2.066443,3.496930,9.73538796e-24,-0.000437,3.496930
6.17220454e-07,2.392425,5.899929,9.74687499e-24,0.004881,5.899929
6.59932419e-07,2.837376,1.259980,9.96103005e-24,0.008147,1.259980
6.23316991e-07,0.504904,4.078504,1.01628672e-23,0.006882,4.078504
7.21683218e-07,1.653271,1.977570,9.89581892e-24,-0.009386,1.977570
8.68529534e-07,1.925586,0.333074,9.37164101e-24,-0.006731,0.333074
1.55485124e-07,1.663996,3.226365,1.00077910e-23,-0.000831,3.226365
5.85491293e-07,1.389071,0.747871,1.02006650e-23,-0.005643,0.747871
8.85337791e-07,0.220512,4.324495,1.00789152e-23,0.015344,4.324495
8.75585515e-07,1.595105,4.688792,9.96331030e-24,-0.014873,4.688792
6.80872021e-07,1.494469,0.651005,1.01238576e-23,-0.008461,0.651005
8.07784991e-07,2.449735,6.063723,9.61492890e-24,0.009182,6.063723
6.01533736e-07,1.410380,3.407568,1.01891774e-23,-0.006143,3.407568
9.14564107e-07,1.688898,2.801996,9.71187064e-24,-0.015865,2.801996
8.54462051e-07,1.740678,2.531545,9.66544950e-24,-0.012057,2.531545
6.51777078e-07,2.305566,0.565568,9.67334638e-24,0.004108,0.565568
5.86558161e-07,1.811423,3.130321,9.79134968e-24,-0.004919,3.130321
7.60733282e-07,0.344644,1.700178,1.01194648e-23,0.010589,1.700178
8.34635922e-07,0.671272,3.563384,1.04369307e-23,0.010249,3.563384
6.06655507e-07,2.424533,0.241773,9.77146254e-24,0.005085,0.241773
5.77297742e-07,1.985415,4.271683,9.70793002e-24,-0.001965,4.271683
8.07080360e-07,0.830383,4.121694,1.05425085e-23,0.006369,4.121694
9.69979108e-07,2.177573,1.725755,8.94093601e-24,0.004831,1.725755
7.49806626e-07,1.186111,5.454084,1.05048127e-23,-0.003996,5.454084
9.24274155e-07,2.328493,4.881195,9.28441535e-24,0.009798,4.881195
6.72075098e-07,1.569065,5.196442,1.00226399e-23,-0.008506,5.196442
8.98257021e-07,1.163893,5.561475,1.07823580e-23,-0.005167,5.561475
9.87702468e-07,1.770774,5.708905,9.26682252e-24,-0.020886,5.708905
8.54355799e-07,1.609292,3.750801,9.93584395e-24,-0.013878,3.750801
8.37338451e-07,1.308892,1.370242,1.05045399e-23,-0.009138,1.370242
8.96268513e-07,1.368963,2.949141,1.04911354e-23,-0.012894,2.949141
6.63529294e-07,0.916994,3.592652,1.04129630e-23,0.002772,3.592652
3.30772187e-07,1.730767,4.953170,9.95505406e-24,-0.002382,4.953170
9.64042336e-07,2.288940,5.451393,9.08306173e-24,0.010131,5.451393
9.79460144e-07,2.043899,0.793747,8.84464337e-24,-0.003291,0.793747
5.18374655e-07,2.892966,0.298923,9.99385425e-24,0.005452,0.298923
9.25455933e-07,0.564078,2.882023,1.04359754e-23,0.015679,2.882023
7.45052080e-07,2.678106,5.026605,9.85188102e-24,0.009769,5.026605
7.51726962e-07,2.203183,4.995968,9.51482621e-24,0.002968,4.995968
7.21104324e-07,1.452757,5.893816,1.01959553e-23,-0.009039,5.893816
5.72144506e-07,2.244915,1.238751,9.72191269e-24,0.002450,1.238751
5.65781350e-07,2.042453,4.889659,9.70685466e-24,-0.000903,4.889659
9.96196571e-07,1.089302,0.436239,1.15094718e-23,-0.003461,0.436239
8.32076252e-07,2.402220,4.881989,9.54026509e-24,0.008935,4.881989
9.97847877e-07,1.267232,1.893662,1.13046531e-23,-0.018757,1.893662
6.00659644e-07,1.864156,2.886465,9.74418748e-24,-0.004298,2.886465
9.14530571e-07,0.879620,1.656216,1.07945888e-23,0.007121,1.656216
9.53716875e-07,2.408268,2.169231,9.29247534e-24,0.013898,2.169231
4.81154221e-07,2.275115,5.889310,9.80251100e-24,0.002173,5.889310
7.76428473e-07,0.986208,4.561257,1.05758059e-23,0.001822,4.561257
5.98365171e-07,0.462751,3.392002,1.01331940e-23,0.006568,3.392002
3.26186127e-07,0.641888,3.527352,1.00982654e-23,0.002155,3.527352
9.86781543e-07,2.640693,0.689590,9.54017069e-24,0.023586,0.689590
6.66828313e-07,1.991034,4.249086,9.61756060e-24,-0.002391,4.249086
9.51235500e-07,0.510427,1.301675,1.04081251e-23,0.018285,1.301675
7.81067854e-07,2.419780,5.833711,9.61802518e-24,0.008060,5.833711
8.64550592e-07,1.103327,0.716276,1.07338940e-23,-0.002227,0.716276
6.96951775e-07,1.627536,2.574059,9.93959716e-24,-0.008948,2.574059
5.48835241e-07,1.994377,4.694421,9.73081294e-24,-0.001659,4.694421
8.72515661e-07,1.674055,4.119280,9.78479823e-24,-0.014006,4.119280
9.80362010e-07,2.827208,2.858724,9.83681999e-24,0.023598,2.858724
8.22556742e-07,1.866832,1.273732,9.51334823e-24,-0.007761,1.273732
5.02240588e-07,0.549769,4.232240,1.01367783e-23,0.004657,4.232240
9.88221253e-07,0.741640,2.465354,1.09736690e-23,0.017574,2.465354
7.92576039e-07,0.799529,0.732242,1.04992908e-23,0.006811,0.732242
8.95325851e-07,1.185793,2.452041,1.07570506e-23,-0.006060,2.452041
9.61902769e-07,1.986473,4.879287,9.01533127e-24,-0.006253,4.879287
6.05169926e-07,1.871089,4.503207,9.73616831e-24,-0.004236,4.503207
9.50628967e-07,2.583880,0.053990,9.56578388e-24,0.017596,0.053990
6.02210489e-07,1.708143,2.643300,9.87365988e-24,-0.006381,2.643300
5.65343562e-07,2.349315,5.389339,9.76572761e-24,0.003747,5.389339
7.74724023e-07,0.224778,4.637947,1.00645616e-23,0.011150,4.637947
7.50220788e-07,1.942228,4.518763,9.54341395e-24,-0.004372,4.518763
8.34960165e-07,0.637634,1.164867,1.04034189e-23,0.010772,1.164867
7.17628912e-07,2.357332,5.497442,9.63811964e-24,0.005838,5.497442
7.96724876e-07,2.355488,1.225259,9.54648556e-24,0.007176,1.225259
9.23904323e-07,2.486722,0.319916,9.48580647e-24,0.014036,0.319916
9.71137171e-07,0.643166,4.420016,1.06750286e-23,0.018010,4.420016
8.45162318e-07,0.642711,2.834694,1.04201760e-23,0.011019,2.834694
8.95399111e-07,1.443219,1.972484,1.03304919e-23,-0.014655,1.972484
7.62030552e-07,2.215480,5.053002,9.50572251e-24,0.003371,5.053002
8.97808063e-07,1.832411,6.267853,9.43689859e-24,-0.011029,6.267853
9.61402453e-07,1.234364,2.523453,1.09240443e-23,-0.010658,2.523453
3.86970315e-07,2.421101,1.165385,9.89848380e-24,0.002455,1.165385
6.49115908e-07,0.355756,3.027152,1.00986022e-23,0.007840,3.027152
8.21126115e-07,0.920894,0.950609,1.06223056e-23,0.004118,0.950609
9.98396946e-07,1.426970,5.144581,1.07328501e-23,-0.029420,5.144581
5.51436585e-07,0.371499,3.501577,1.00848778e-23,0.005920,3.501577
9.52974305e-07,1.727397,5.433947,9.54808008e-24,-0.017673,5.433947
8.12171104e-07,0.949242,6.033460,1.06203377e-23,0.003167,6.033460
4.85700539e-07,2.321029,2.055688,9.81238525e-24,0.002667,2.055688
8.09852450e-07,1.311899,1.398372,1.04645321e-23,-0.008537,1.398372
7.27865906e-07,1.284642,5.772337,1.04035949e-23,-0.006237,5.772337
9.05324500e-07,2.640542,5.084389,9.70969301e-24,0.015249,5.084389
5.30324221e-07,2.405895,4.733557,9.81357732e-24,0.003908,4.733557
9.15401676e-07,1.579103,5.968452,9.99800554e-24,-0.017065,5.968452
9.94797403e-07,1.539721,1.136065,1.01612466e-23,-0.028725,1.136065
1.57601166e-07,2.013739,4.666659,9.97706480e-24,-0.000197,4.666659
2.66353580e-07,0.636466,5.297181,1.00767934e-23,0.001595,5.297181
7.32849784e-07,0.963440,1.889481,1.05091282e-23,0.002203,1.889481
9.50094286e-07,0.973079,1.282835,1.09904144e-23,0.003868,1.282835
7.72982414e-07,1.210743,1.167899,1.05191095e-23,-0.004981,1.167899
7.93252434e-07,2.094217,0.518667,9.43114120e-24,-0.000006,0.518667
5.88730322e-07,0.864573,4.249244,1.03224186e-23,0.003048,4.249244
8.31148343e-07,1.827678,1.678598,9.55152925e-24,-0.009121,1.678598
8.74438453e-07,2.311732,6.219528,9.38537352e-24,0.007765,6.219528
4.97239213e-07,0.594830,1.845787,1.01521717e-23,0.004394,1.845787
9.17978601e-07,1.049018,4.929375,1.08838349e-23,-0.000085,4.929375
9.76237187e-07,0.401238,2.253862,1.03059359e-23,0.022371,2.253862
8.74635001e-07,0.684715,3.196671,1.05049477e-23,0.011297,3.196671
8.06121481e-07,1.897829,5.511256,9.50373143e-24,-0.006488,5.511256
6.31562652e-07,2.107361,1.008351,9.63884116e-24,0.000268,1.008351
6.05144970e-07,0.564516,0.092887,1.01864185e-23,0.006254,0.092887
6.80483038e-07,0.741746,4.768659,1.03406112e-23,0.005902,4.768659
9.46947519e-07,0.364662,5.335005,1.02201909e-23,0.019036,5.335005
6.22656872e-07,2.549287,3.795577,9.83039226e-24,0.006394,3.795577
8.39386465e-07,0.987181,3.591328,1.06820475e-23,0.002136,3.591328
9.73233119e-07,0.975768,4.484188,1.11311307e-23,0.004268,4.484188
7.79122920e-07,1.458962,0.767414,1.02150819e-23,-0.010629,0.767414
7.93473141e-07,1.314067,2.476153,1.04422867e-23,-0.008217,2.476153
7.10424172e-07,1.404810,3.780493,1.02545387e-23,-0.008182,3.780493
5.78154040e-07,1.075782,0.813140,1.03476579e-23,-0.000513,0.813140
8.36215389e-07,0.514411,5.174150,1.02830024e-23,0.012177,5.174150
7.14285593e-07,0.835667,5.967793,1.04303826e-23,0.004864,5.967793
9.91218891e-07,1.138127,1.664059,1.13298791e-23,-0.006773,1.664059
4.51525258e-07,0.507737,1.357585,1.01053193e-23,0.004054,1.357585
2.60451286e-07,1.255697,3.089940,1.00985462e-23,-0.001062,3.089940
9.95504197e-07,1.231195,3.317487,1.12937828e-23,-0.014699,3.317487
4.99197841e-07,1.727097,5.392047,9.89900357e-24,-0.004550,5.392047
8.47653417e-07,1.846754,0.009833,9.50174489e-24,-0.008984,0.009833
7.75666702e-07,1.084102,4.488315,1.05792174e-23,-0.001136,4.488315
8.29996270e-07,0.478034,0.507456,1.02453989e-23,0.012225,0.507456
6.99421477e-07,2.473849,4.396481,9.73388395e-24,0.007146,4.396481
4.82631710e-07,2.049828,1.719069,9.77747825e-24,-0.000598,1.719069
8.98147887e-07,2.509906,2.168858,9.56194205e-24,0.013196,2.168858
6.72362209e-07,0.468499,2.012233,1.01619592e-23,0.008030,2.012233
6.79943189e-07,2.304100,1.986097,9.64519616e-24,0.004407,1.986097
8.98780368e-07,2.157063,5.408547,9.22534076e-24,0.002680,5.408547
9.52591258e-07,0.677482,0.972250,1.06607901e-23,0.015369,0.972250
9.92527353e-07,2.585956,2.432693,9.39114160e-24,0.024564,2.432693
9.89310331e-07,2.004485,2.316307,8.74527474e-24,-0.006515,2.316307
9.92582977e-07,1.195127,0.273677,1.12846426e-23,-0.011214,0.273677
9.43690205e-07,0.846067,1.214770,1.08571380e-23,0.009384,1.214770
9.57650435e-07,2.658648,5.197812,9.65878578e-24,0.019212,5.197812
8.77515494e-07,1.541990,6.075921,1.00882656e-23,-0.014946,6.075921
7.74171376e-07,1.829454,3.120841,9.61755292e-24,-0.007752,3.120841
7.69769628e-07,3.091126,1.151694,1.00181101e-23,0.011037,1.151694
5.63938979e-07,2.744558,2.259104,9.94410454e-24,0.006101,2.259104
6.60298502e-07,0.946136,5.356690,1.04186049e-23,0.002170,5.356690
8.92637654e-07,1.157175,1.482818,1.07728398e-23,-0.004780,1.482818
3.81471539e-07,0.946378,3.701504,1.01837004e-23,0.000888,3.701504
6.24254824e-07,1.053998,2.389940,1.03943430e-23,-0.000138,2.389940
6.42800266e-07,1.241885,1.544811,1.03546925e-23,-0.004147,1.544811
9.17126577e-07,2.174764,3.099582,9.17906900e-24,0.003638,3.099582
8.42875687e-07,1.927259,1.470309,9.41799114e-24,-0.006175,1.470309
9.09357452e-07,1.120663,3.321387,1.08396151e-23,-0.003382,3.321387
6.98144707e-07,0.842070,2.083824,1.04165987e-23,0.004542,2.083824
3.74331789e-07,0.542789,3.822883,1.00920856e-23,0.002954,3.822883
4.97227721e-07,0.889034,2.068962,1.02557806e-23,0.002037,2.068962
8.59574265e-07,2.130549,2.496081,9.31225801e-24,0.001380,2.496081
7.60135787e-07,2.480287,1.553187,9.68896318e-24,0.008482,1.553187
9.24482876e-07,1.740119,3.051486,9.57321508e-24,-0.015252,3.051486
9.33845446e-07,0.886504,4.284040,1.08617215e-23,0.007401,4.284040
5.46785702e-07,2.621087,6.160101,9.89933868e-24,0.005465,6.160101
7.21344233e-07,0.924243,1.562976,1.04814066e-23,0.003068,1.562976
9.73814133e-07,1.659059,4.627467,9.70975874e-24,-0.021809,4.627467
9.72003678e-07,2.295472,2.133652,9.04252143e-24,0.010961,2.133652
8.39059341e-07,0.306333,0.933582,1.01179187e-23,0.013224,0.933582
5.23404893e-07,1.311198,4.002437,1.02215257e-23,-0.003850,4.002437
8.26697905e-07,2.065482,0.719831,9.37591332e-24,-0.001022,0.719831
8.24958223e-07,1.220620,5.178629,1.05869786e-23,-0.006077,5.178629
4.76213100e-07,0.319343,3.882159,1.00582071e-23,0.004721,3.882159
5.44416786e-07,1.093608,3.633856,1.03151209e-23,-0.000757,3.633856
4.66769719e-07,0.683238,1.130173,1.01707230e-23,0.003527,1.130173
5.08125083e-07,2.110047,3.379114,9.75484847e-24,0.000225,3.379114
6.58014624e-07,0.791215,0.078275,1.03499965e-23,0.004876,0.078275
6.54897385e-07,2.422618,1.874563,9.73488113e-24,0.005787,1.874563
4.87080955e-07,1.364665,3.591986,1.01691987e-23,-0.003966,3.591986
2.22067411e-07,1.406549,4.181434,1.00568555e-23,-0.001292,4.181434
9.02513721e-07,2.598759,5.213974,9.66391532e-24,0.014666,5.213974
3.09161083e-07,1.931203,2.899075,9.91052431e-24,-0.001094,2.899075
8.11737498e-07,1.511649,1.118883,1.01347818e-23,-0.012160,1.118883
5.02370439e-07,2.726220,1.953348,9.95145358e-24,0.005022,1.953348
8.98156101e-07,1.764979,3.769777,9.56193554e-24,-0.013196,3.769777
6.60755206e-07,0.196322,0.068010,1.00452525e-23,0.008236,0.068010
7.09767765e-07,1.505892,1.591768,1.01156951e-23,-0.009213,1.591768
9.13838761e-07,1.516225,3.768032,1.01653225e-23,-0.016724,3.768032
7.78662627e-07,1.563005,1.873914,1.00341831e-23,-0.011300,1.873914
5.26471991e-07,1.297671,3.730516,1.02312549e-23,-0.003718,3.730516
9.62050442e-07,1.272300,2.451594,1.08610303e-23,-0.012675,2.451594
7.64271048e-07,1.941312,5.409597,9.52579798e-24,-0.004566,5.409597
7.49381004e-07,0.998052,6.279857,1.05394159e-23,0.001373,6.279857
9.64810987e-07,1.198356,2.206636,1.09946822e-23,-0.008863,2.206636
6.02235415e-07,0.828701,4.394661,1.03197479e-23,0.003684,4.394661
9.64134044e-07,1.054717,3.666628,1.10865524e-23,-0.000436,3.666628
2.87790345e-07,2.295569,2.985743,9.92438334e-24,0.001076,2.985743
8.78777705e-07,2.004120,5.971658,9.28918708e-24,-0.003752,5.971658
8.31273937e-07,2.490787,4.759903,9.62808852e-24,0.010468,4.759903
6.94736193e-07,1.584100,4.536594,1.00014017e-23,-0.009030,4.536594
9.85385127e-07,2.115975,3.226446,8.76656554e-24,0.001462,3.226446
7.58040233e-07,0.713347,1.953695,1.03918113e-23,0.007708,1.953695
7.61183617e-07,2.606442,3.123453,9.79053328e-24,0.009762,3.123453
7.69916932e-07,1.986944,0.755822,9.49199621e-24,-0.003272,0.755822
4.20167659e-07,1.572323,1.067011,1.00193787e-23,-0.003926,1.067011
2.87719801e-07,1.850217,0.210811,9.93649213e-24,-0.001422,0.210811
9.45586328e-07,0.627575,3.010823,1.05659352e-23,0.015965,3.010823
4.97023680e-07,0.576310,5.168533,1.01449388e-23,0.004474,5.168533
7.41843386e-07,0.993074,5.724700,1.05281803e-23,0.001479,5.724700
9.47783698e-07,2.213215,4.369564,9.08907611e-24,0.005983,4.369564
9.68879897e-07,0.698680,2.016642,1.07576968e-23,0.016245,2.016642
8.28431641e-07,1.552130,1.373308,1.00583941e-23,-0.012944,1.373308
6.63093575e-07,2.268560,3.927866,9.64533284e-24,0.003594,3.927866
9.57779505e-07,2.994827,4.019299,9.98557748e-24,0.020525,4.019299
8.68156356e-07,2.491615,4.286496,9.58387052e-24,0.011686,4.286496
4.78100709e-07,1.228199,4.226338,1.02300460e-23,-0.002371,4.226338
9.37635466e-07,2.054949,3.397728,9.09141097e-24,-0.002020,3.397728
9.85369210e-07,1.161314,4.708704,1.12122490e-23,-0.007884,4.708704
8.07542913e-07,2.356712,5.080556,9.53319714e-24,0.007419,5.080556
8.40635501e-07,1.801179,4.555768,9.57804361e-24,-0.010118,4.555768
8.54040712e-07,0.950006,0.585087,1.06971536e-23,0.003545,0.585087
9.35205129e-07,1.644729,3.257065,9.80764985e-24,-0.017963,3.257065
8.06304244e-07,0.956007,5.742912,1.06132866e-23,0.002912,5.742912
7.58196587e-07,0.507241,4.329897,1.02268912e-23,0.009874,4.329897
8.29414737e-07,0.970733,4.190392,1.06583555e-23,0.002625,4.190392
2.64646376e-07,0.383805,0.875718,1.00422801e-23,0.001884,0.875718
5.95835346e-07,1.906217,5.650885,9.72346547e-24,-0.003525,5.650885
9.24457281e-07,1.262946,0.462829,1.07413831e-23,-0.010250,0.462829
6.52729591e-07,2.391976,0.255316,9.71856892e-24,0.005376,0.255316
8.96586260e-07,1.278909,5.293028,1.06491730e-23,-0.009878,5.293028
5.02236256e-07,0.509799,3.058788,1.01217473e-23,0.004795,3.058788
6.33608284e-07,0.406804,4.972469,1.01176662e-23,0.007411,4.972469
9.84285972e-07,0.278578,1.444126,1.01703256e-23,0.024599,1.444126
4.82947268e-07,1.908149,2.699006,9.80910450e-24,-0.002476,2.699006
7.79517084e-07,2.482286,2.102785,9.67299723e-24,0.008961,2.102785
8.92386776e-07,1.635000,3.219383,9.86235434e-24,-0.015430,3.219383
9.54444833e-07,2.138092,1.588013,9.01623540e-24,0.002363,1.588013
4.15850242e-07,2.169810,4.374084,9.83063770e-24,0.000770,4.374084
6.41905706e-07,0.244647,2.997264,1.00570055e-23,0.007804,2.997264
8.91235707e-07,0.784201,3.479727,1.06444960e-23,0.009536,3.479727
7.97254258e-07,1.096808,1.744854,1.06104060e-23,-0.001622,1.744854
2.10689661e-07,1.850399,5.414554,9.96796130e-24,-0.000887,5.414554
9.25020241e-07,2.084027,1.786631,9.13348521e-24,-0.000501,1.786631
8.27619267e-07,1.431313,2.846629,1.02944962e-23,-0.011722,2.846629
7.44687325e-07,0.737794,4.595593,1.03973459e-23,0.007065,4.595593
6.84202706e-07,2.436598,3.728829,9.72057071e-24,0.006436,3.728829
9.20789143e-07,1.627057,4.392624,9.86694494e-24,-0.017149,4.392624
9.69376864e-07,1.892640,0.046029,9.09692115e-24,-0.011998,0.046029
8.87107559e-07,0.902718,4.593948,1.07417673e-23,0.005674,4.593948
3.55463565e-07,2.847724,4.135152,9.99992752e-24,0.003004,4.135152
9.47339410e-07,1.257543,1.910459,1.08245643e-23,-0.011046,1.910459
8.58637888e-07,1.981471,3.391306,9.34614958e-24,-0.004408,3.391306
3.50767082e-07,2.238117,5.817349,9.88176103e-24,0.001084,5.817349
7.10841366e-07,0.519028,4.026480,1.02103512e-23,0.008638,4.026480
4.04124904e-07,2.024444,0.092041,9.83865178e-24,-0.000712,0.092041
4.77593253e-07,1.163285,5.156060,1.02483036e-23,-0.001537,5.156060
7.23700645e-07,1.215788,4.702703,1.04544152e-23,-0.004497,4.702703
7.08030607e-07,0.753098,5.271162,1.03726486e-23,0.006183,5.271162
8.82384513e-07,1.955627,2.224475,9.31442014e-24,-0.005815,2.224475
7.62363590e-07,0.730112,2.574826,1.04094920e-23,0.007532,2.574826
5.94039213e-07,2.081676,3.458397,9.67686853e-24,-0.000238,3.458397
6.28461708e-07,1.935184,4.587519,9.67973304e-24,-0.003294,4.587519
8.46094453e-07,0.340698,5.899865,1.01430791e-23,0.013421,5.899865
8.62829026e-07,2.841319,5.696296,9.91966005e-24,0.014199,5.696296
7.35080371e-07,0.527524,1.068274,1.02291253e-23,0.009158,1.068274
7.93723277e-07,2.524328,5.152578,9.69715311e-24,0.009851,5.152578
6.52275210e-07,0.091019,2.830547,1.00255750e-23,0.008062,2.830547
9.24980192e-07,0.607697,3.667838,1.04933547e-23,0.014978,3.667838
5.94187590e-07,2.025821,3.707146,9.68271055e-24,-0.001297,3.707146
8.25204927e-07,0.831436,2.780457,1.05704290e-23,0.006672,2.780457
6.58529896e-07,3.015556,3.486080,1.00100840e-23,0.008198,3.486080
8.11644210e-07,1.509079,3.052424,1.01396565e-23,-0.012138,3.052424
6.82482695e-07,1.220095,5.659512,1.04066943e-23,-0.004128,5.659512
7.06971224e-07,2.031182,0.086823,9.55964156e-24,-0.001626,0.086823
1.21899632e-07,1.336267,1.630018,1.00404368e-23,-0.000449,1.630018
7.18829393e-07,1.834389,1.976638,9.66780234e-24,-0.006584,1.976638
8.50341615e-07,2.197731,3.353213,9.35370262e-24,0.003715,3.353213
9.67373480e-07,2.002342,2.074222,8.96822448e-24,-0.005513,2.074222
6.74198533e-07,1.832252,2.437483,9.70927224e-24,-0.005886,2.437483
4.19549798e-07,2.645345,0.828750,9.94771845e-24,0.003639,0.828750
2.37505932e-07,0.307877,4.586888,1.00324330e-23,0.001624,4.586888
9.14143486e-07,2.116386,4.499606,9.17052636e-24,0.001009,4.499606
8.28250535e-07,2.424059,0.622146,9.56617696e-24,0.009262,0.622146
9.89520051e-07,0.966872,3.002022,1.13103302e-23,0.005575,3.002022
8.60924939e-07,1.092436,0.524747,1.07291156e-23,-0.001773,0.524747
6.67866931e-07,0.545821,4.222764,1.02060568e-23,0.007549,4.222764
9.51104863e-07,1.475888,6.169549,1.03119498e-23,-0.018970,6.169549
9.19568777e-07,0.767986,4.737775,1.06908825e-23,0.011024,4.737775
9.06080139e-07,1.072358,3.649957,1.08452882e-23,-0.001137,3.649957
4.93081714e-07,1.715416,3.032688,9.90956198e-24,-0.004545,3.032688
9.37599950e-07,1.696610,4.036444,9.66148771e-24,-0.017217,4.036444
9.40074560e-07,1.115272,0.751175,1.09479595e-23,-0.003536,0.751175
4.33331020e-07,2.684733,6.016112,9.95496049e-24,0.003908,6.016112
8.96933864e-07,1.721305,4.122376,9.65672225e-24,-0.014250,4.122376
4.80855209e-07,2.270467,4.194629,9.80152760e-24,0.002122,4.194629
9.19476189e-07,1.807187,3.097240,9.43749125e-24,-0.012850,3.097240
6.78420150e-07,0.772414,2.082086,1.03575908e-23,0.005436,2.082086
5.88303820e-07,1.339185,3.803438,1.02435356e-23,-0.005068,3.803438
6.46085230e-07,1.126833,4.734360,1.04078452e-23,-0.001741,4.734360
8.22241596e-07,2.892572,1.653078,9.95855873e-24,0.012682,1.653078
9.76491725e-07,1.423651,3.897739,1.05354576e-23,-0.020721,3.897739
6.14634432e-07,2.976844,1.083990,1.00048339e-23,0.007263,1.083990
7.24071384e-07,1.557031,4.595066,1.00414853e-23,-0.009762,4.595066
9.67283580e-07,1.541026,5.654900,1.01218350e-23,-0.021604,5.654900
9.43541385e-07,1.977899,4.185376,9.11192528e-24,-0.006147,4.185376
9.62207138e-07,1.191553,2.822077,1.09884077e-23,-0.008346,2.822077
9.47314554e-07,1.759892,3.904235,9.47681284e-24,-0.016184,3.904235
9.82048422e-07,1.984926,0.353073,8.86219857e-24,-0.007319,0.353073
4.85632394e-07,2.616052,2.961395,9.91866784e-24,0.004496,2.961395
8.30935185e-07,0.681246,1.645143,1.04424323e-23,0.009977,1.645143
8.31481676e-07,0.662242,2.730091,1.04242004e-23,0.010300,2.730091
8.58453533e-07,1.480879,1.897095,1.02177011e-23,-0.013593,1.897095
9.24738652e-07,1.200175,2.973147,1.08247736e-23,-0.007421,2.973147
2.25279714e-07,2.076675,5.566988,9.94443477e-24,-0.000073,5.566988
9.07544132e-07,1.072197,1.881535,1.08496030e-23,-0.001136,1.881535
9.67711439e-07,0.772283,1.610510,1.08682159e-23,0.013674,1.610510
9.12671112e-07,1.616857,0.884299,9.89826814e-24,-0.016724,0.884299
6.41160440e-07,0.154106,1.352848,1.00349097e-23,0.007817,1.352848
2.94578946e-07,2.046921,3.810403,9.90728100e-24,-0.000297,3.810403
9.01491812e-07,1.743298,5.070917,9.60245120e-24,-0.013938,5.070917
8.39697569e-07,1.957876,0.995324,9.39847831e-24,-0.005028,0.995324
6.85500813e-07,1.162918,5.236678,1.04390432e-23,-0.002813,5.236678
8.02034836e-07,2.756110,5.509954,9.88241784e-24,0.011727,5.509954
7.58260832e-07,0.771783,2.247491,1.04370094e-23,0.006735,2.247491
6.70556808e-07,1.949655,4.486649,9.63086419e-24,-0.003368,4.486649
9.32433846e-07,1.523698,0.541111,1.01550316e-23,-0.018046,0.541111
6.36395550e-07,1.382986,4.840420,1.02344296e-23,-0.006430,4.840420
6.84788870e-07,1.745200,5.477872,9.79167198e-24,-0.007526,5.477872
9.94377072e-07,1.492045,1.573319,1.03707861e-23,-0.027725,1.573319
9.22818774e-07,0.864862,1.400458,1.08056285e-23,0.007909,1.400458
9.19484872e-07,2.730267,0.155995,9.79535267e-24,0.016742,0.155995
6.37445068e-07,1.756342,1.472025,9.80786053e-24,-0.006479,1.472025
4.28121827e-07,2.744297,3.297633,9.97125222e-24,0.003922,3.297633
9.45451308e-07,1.895581,4.418483,9.20477216e-24,-0.010395,4.418483
8.61643832e-07,1.655555,2.553276,9.83216226e-24,-0.013786,2.553276
6.93553760e-07,1.437451,5.160608,1.02034288e-23,-0.008235,5.160608
2.62842680e-07,1.026625,5.284622,1.01160882e-23,0.000106,5.284622
9.55257939e-07,2.189558,4.082684,9.03694364e-24,0.005041,4.082684
5.91537302e-07,0.697300,0.164773,1.02487117e-23,0.005060,0.164773
9.23575301e-07,0.497126,3.613665,1.03477666e-23,0.016350,3.613665
7.71894304e-07,0.198737,0.822060,1.00546883e-23,0.011079,0.822060
9.62281238e-07,1.035858,5.053888,1.10748018e-23,0.000647,5.053888
5.65715737e-07,1.382917,2.716866,1.01956471e-23,-0.005263,2.716866
9.99039419e-07,2.176387,5.443393,8.34693095e-24,0.007383,5.443393
4.09618369e-07,1.296244,5.902719,1.01625812e-23,-0.002486,5.902719
7.64547961e-07,1.116528,0.640057,1.05555434e-23,-0.002079,0.640057
8.51777069e-07,2.721319,1.263488,9.83265873e-24,0.013358,1.263488
8.89194718e-07,1.978865,4.968499,9.28021453e-24,-0.004963,4.968499
9.04230918e-07,0.205322,0.576152,1.00744963e-23,0.016362,0.576152
6.86523790e-07,1.582540,3.711252,1.00039815e-23,-0.008836,3.711252
8.32814910e-07,0.883240,4.905180,1.06201271e-23,0.005390,4.905180
9.22673810e-07,2.257023,4.633140,9.21753311e-24,0.007151,4.633140
6.63400566e-07,2.356708,5.324509,9.68933847e-24,0.005041,5.324509
9.97091188e-07,2.088863,4.805311,8.47718748e-24,-0.000464,4.805311
9.44148960e-07,2.083349,2.288373,9.05890600e-24,-0.000579,2.288373
8.24989723e-07,0.175084,1.799109,1.00512082e-23,0.012826,1.799109
4.12325011e-07,1.145049,1.217439,1.02042463e-23,-0.001029,1.217439
4.52026097e-07,0.751400,2.072843,1.01854373e-23,0.002919,2.072843
8.95329147e-07,0.666919,1.074684,1.05171201e-23,0.012435,1.074684
9.48780318e-07,1.352555,0.952662,1.06385642e-23,-0.015253,0.952662
6.18164124e-07,0.055800,4.636017,1.00221204e-23,0.007341,4.636017
2.11950546e-07,0.660952,3.227192,1.00628982e-23,0.001091,3.227192
9.65582499e-07,1.184695,0.175824,1.10162359e-23,-0.008118,0.175824
4.89855486e-07,1.442827,3.209825,1.01181074e-23,-0.004604,3.209825
4.77720827e-07,1.476164,1.448898,1.00907400e-23,-0.004595,1.448898
7.99819410e-07,2.410818,5.190385,9.58910351e-24,0.008323,5.190385
5.36289033e-07,1.819785,4.279469,9.81757748e-24,-0.004139,4.279469
8.50810350e-07,2.531236,5.660229,9.64793280e-24,0.011667,5.660229
8.16824185e-07,0.698968,0.060197,1.04427318e-23,0.009295,0.060197
6.09646466e-07,1.974623,3.835326,9.68128976e-24,-0.002366,3.835326
8.52669420e-07,0.644466,1.214556,1.04309731e-23,0.011238,1.214556
9.58185134e-07,1.132530,4.957381,1.10225198e-23,-0.004844,4.957381
8.70855380e-07,2.323723,5.361147,9.40329938e-24,0.008022,5.361147
9.85959461e-07,1.165913,1.075603,1.12145461e-23,-0.008252,1.075603
7.91531560e-07,2.723559,2.048907,9.86360619e-24,0.011279,2.048907
8.35951275e-07,1.799485,3.915197,9.58657741e-24,-0.010027,3.915197
9.47073486e-07,0.849109,4.325851,1.08737757e-23,0.009410,4.325851
9.41379073e-07,2.134599,6.174741,9.07598160e-24,0.002045,6.174741
8.03080009e-07,0.478098,0.637676,1.02291447e-23,0.011339,0.637676
5.65158442e-07,2.265205,2.734090,9.73424221e-24,0.002685,2.734090
6.06553404e-07,1.097636,3.626505,1.03729281e-23,-0.000986,3.626505
4.74272429e-07,2.307072,0.720834,9.81606863e-24,0.002438,0.720834
8.06043983e-07,1.175914,3.850975,1.05909335e-23,-0.004316,3.850975
9.15352090e-07,1.510987,5.418544,1.01799564e-23,-0.016767,5.418544
4.68393288e-07,2.488550,0.206492,9.87978755e-24,0.003717,0.206492
9.95983830e-07,0.527001,2.885336,1.06364244e-23,0.027080,2.885336
3.20475318e-07,0.803941,0.983088,1.01266344e-23,0.001480,0.983088
4.38312331e-07,1.971535,0.396210,9.82257783e-24,-0.001420,0.396210
9.23081087e-07,2.499769,0.123164,9.50502634e-24,0.014251,0.123164
4.54834417e-07,2.135559,2.726380,9.79895019e-24,0.000491,2.726380
6.83694051e-07,0.428314,5.983071,1.01434266e-23,0.008425,5.983071
8.65725752e-07,1.274323,1.675502,1.05960444e-23,-0.008790,1.675502
5.78002311e-07,1.927635,4.613268,9.72821523e-24,-0.002987,4.613268
4.74056366e-07,2.169487,4.219489,9.78723985e-24,0.000942,4.219489
5.83702856e-07,0.934444,3.899095,1.03394421e-23,0.001943,3.899095
8.97464084e-07,1.754411,1.173824,9.58476273e-24,-0.013456,1.173824
4.40495222e-07,0.062111,5.782962,1.00216049e-23,0.004227,5.782962
9.65297951e-07,1.061665,6.172415,1.10933996e-23,-0.000847,6.172415
9.90605153e-07,2.412761,0.500306,9.06059468e-24,0.018675,0.500306
7.27160220e-07,1.787794,3.811403,9.71133953e-24,-0.007683,3.811403
9.45450413e-07,1.297284,0.692781,1.07463928e-23,-0.012767,0.692781
7.28918829e-07,1.511806,2.936151,1.01116488e-23,-0.009729,2.936151
7.65111064e-07,2.349452,4.978605,9.58088082e-24,0.006471,4.978605
7.45438397e-07,2.558648,1.635175,9.76337292e-24,0.008981,1.635175
9.93759553e-07,2.431198,4.934584,9.04603802e-24,0.020463,4.934584
5.16950609e-07,1.753673,1.437433,9.87258907e-24,-0.004587,1.437433
8.20884545e-07,1.371826,5.945171,1.03903216e-23,-0.010323,5.945171
9.91306632e-07,0.475007,4.811315,1.04820368e-23,0.025419,4.811315
7.95827518e-07,2.480407,3.360052,9.65558101e-24,0.009341,3.360052
8.39431017e-07,1.940650,0.203219,9.41239513e-24,-0.005641,0.203219
3.61820341e-07,1.716369,0.738013,9.95163009e-24,-0.002797,0.738013
7.74940720e-07,1.907026,3.738723,9.53777700e-24,-0.005699,3.738723
5.95838089e-07,0.493349,5.973775,1.01467220e-23,0.006416,5.973775
6.55846359e-07,2.207599,4.671498,9.63030775e-24,0.002385,4.671498
8.13531960e-07,1.038013,5.634254,1.06431259e-23,0.000310,5.634254
2.41886855e-07,2.647831,0.985083,9.98931997e-24,0.001571,0.985083
9.53305534e-07,1.120222,6.037730,1.10049219e-23,-0.004039,6.037730
8.22141462e-07,1.675947,1.338472,9.81368476e-24,-0.012052,1.338472
4.29084192e-07,1.128634,1.218088,1.02183891e-23,-0.000911,1.218088
8.91800839e-07,1.149602,0.381550,1.07757632e-23,-0.004440,0.381550
8.13285978e-07,1.876346,0.400855,9.51571361e-24,-0.007278,0.400855
9.99919651e-07,1.030801,1.705604,1.20633605e-23,0.001812,1.705604
9.01060450e-07,2.098605,5.091947,9.20780139e-24,0.000186,5.091947
9.15050892e-07,1.808900,2.198377,9.44376203e-24,-0.012578,2.198377
9.14721388e-07,2.625602,0.432842,9.68102849e-24,0.015623,0.432842
8.92753686e-07,2.136443,5.617998,9.23534859e-24,0.001778,5.617998
3.17617803e-07,1.672012,1.139614,9.98041205e-24,-0.002425,1.139614
9.36681573e-07,0.803393,4.541130,1.07829054e-23,0.010645,4.541130
9.09695156e-07,1.980900,5.409347,9.22473407e-24,-0.005231,5.409347
9.32141089e-07,2.270081,5.703514,9.19876357e-24,0.007948,5.703514
6.87759441e-07,0.027172,4.232120,1.00208374e-23,0.008871,4.232120
8.33165087e-07,2.437992,1.048704,9.57339551e-24,0.009651,1.048704
9.80322107e-07,1.644395,5.460591,9.74647916e-24,-0.023238,5.460591
6.35841111e-07,1.242672,4.117469,1.03478985e-23,-0.004084,4.117469
3.14803586e-07,2.237410,5.463070,9.90279797e-24,0.000915,5.463070
9.19650600e-07,2.790175,1.091834,9.85450170e-24,0.017026,1.091834
7.82610641e-07,2.231858,5.881056,9.48420642e-24,0.004003,5.881056
4.37224585e-07,1.524801,1.220400,1.00504537e-23,-0.004135,1.220400
5.82315062e-07,1.917245,0.901756,9.72933508e-24,-0.003203,0.901756
7.27398067e-07,2.597087,3.688851,9.80356439e-24,0.008858,3.688851
4.35372791e-07,1.887757,3.818151,9.84772354e-24,-0.002315,3.818151
1.56944106e-07,0.954635,5.723213,1.00630988e-23,0.000213,5.723213
8.92038527e-07,2.592599,1.437684,9.66926251e-24,0.014084,1.437684
9.35181316e-07,1.564094,4.267425,1.00397907e-23,-0.018452,4.267425
9.11817733e-07,1.440396,3.846677,1.03556283e-23,-0.015461,3.846677
3.13627167e-07,1.574410,3.263425,1.00188980e-23,-0.002503,3.263425
9.34237745e-07,2.336565,2.674043,9.26365043e-24,0.010480,2.674043
6.78176423e-07,1.534466,0.295338,1.00696496e-23,-0.008591,0.295338
5.99703956e-07,1.221642,1.405052,1.03274613e-23,-0.003318,1.405052
7.45685631e-07,2.022176,5.355391,9.51219272e-24,-0.002060,5.355391
7.18554363e-07,1.662829,5.198176,9.88295625e-24,-0.009231,5.198176
9.27048140e-07,1.074914,0.833903,1.09120729e-23,-0.001355,0.833903
8.44787122e-07,1.621679,5.671063,9.91198487e-24,-0.013418,5.671063
6.42186553e-07,0.882574,3.537005,1.03784310e-23,0.003232,3.537005
8.75210589e-07,0.598440,1.394536,1.04079132e-23,0.012733,1.394536
8.52789944e-07,0.285679,0.103715,1.01088482e-23,0.013802,0.103715
6.80143177e-07,0.883427,1.633385,1.04175225e-23,0.003565,1.633385
8.80738316e-07,1.565817,4.558731,1.00322042e-23,-0.015160,4.558731
9.85085189e-07,1.438610,3.680110,1.05239999e-23,-0.022875,3.680110
8.05151474e-07,0.612225,1.131906,1.03491098e-23,0.010225,1.131906
9.79741716e-07,1.661202,3.590464,9.68729674e-24,-0.022803,3.590464
8.05119369e-07,0.479412,4.022939,1.02314068e-23,0.011394,4.022939
6.77477825e-07,2.068218,4.880367,9.58902825e-24,-0.000619,4.880367
6.45997782e-07,1.901088,5.276798,9.68216167e-24,-0.004156,5.276798
9.10660261e-07,1.416398,4.553604,1.04108092e-23,-0.014857,4.553604
8.20132472e-07,1.661973,1.109269,9.84126684e-24,-0.012151,1.109269
4.75252618e-07,2.915778,1.776672,1.00012989e-23,0.004750,1.776672
9.88644558e-07,0.321987,0.105287,1.02300571e-23,0.025703,0.105287
7.11850926e-07,1.515862,1.964434,1.01016677e-23,-0.009319,1.964434
7.12595344e-07,1.769956,0.624398,9.74380473e-24,-0.007706,0.624398
9.57993356e-07,2.049546,5.498935,8.99807458e-24,-0.002534,5.498935
7.99594113e-07,0.290708,0.173199,1.00991155e-23,0.011862,0.173199
9.25130818e-07,1.422471,1.112898,1.04177529e-23,-0.015840,1.112898
9.67281356e-07,1.782729,6.245462,9.35307347e-24,-0.017130,6.245462
7.08176227e-07,1.746571,5.884192,9.77526120e-24,-0.007989,5.884192
2.66192171e-07,1.375864,4.308557,1.00762138e-23,-0.001601,4.308557
4.84014226e-07,2.601127,3.118696,9.91389871e-24,0.004422,3.118696
5.95304955e-07,1.279427,0.511806,1.02910198e-23,-0.004266,0.511806
8.03308943e-07,1.789085,5.614533,9.63934713e-24,-0.009397,5.614533
1.37247879e-07,2.114632,2.126255,9.98433279e-24,0.000039,2.126255
2.99393344e-07,1.763071,1.932079,9.95430532e-24,-0.001925,1.932079
8.11358119e-07,2.444229,2.843506,9.60577906e-24,0.009182,2.843506
6.06165087e-07,1.206498,3.551840,1.03403475e-23,-0.003097,3.551840
9.99324706e-07,1.149939,5.383619,1.17125892e-23,-0.009981,5.383619
6.96903588e-07,1.331119,2.958017,1.03293678e-23,-0.006678,2.958017
8.79367604e-07,2.019970,3.726425,9.28008009e-24,-0.003097,3.726425
5.85589226e-07,1.083114,4.122338,1.03541468e-23,-0.000660,4.122338
9.05239649e-07,1.903244,0.055696,9.31550148e-24,-0.008538,0.055696
6.41640489e-07,1.290001,4.498191,1.03204160e-23,-0.005047,4.498191
2.36376293e-07,2.437458,3.583375,9.96480524e-24,0.001196,3.583375
9.46230787e-07,0.975838,4.880628,1.09740157e-23,0.003661,4.880628
7.88091750e-07,1.530635,1.248812,1.00934100e-23,-0.011504,1.248812
8.55380678e-07,1.271129,5.710386,1.05824013e-23,-0.008412,5.710386
6.95257227e-07,2.770007,4.990232,9.92384100e-24,0.008844,4.990232
6.75184373e-07,2.612151,3.252744,9.84112492e-24,0.007796,3.252744
8.44320592e-07,1.910675,0.332405,9.43138578e-24,-0.006785,0.332405
9.91324349e-07,0.660602,5.449027,1.08520944e-23,0.021351,5.449027
9.66591413e-07,2.045820,3.588918,8.94756449e-24,-0.002886,3.588918
6.40988916e-07,1.413696,2.352906,1.02052030e-23,-0.006893,2.352906
5.44649830e-07,1.515408,2.777387,1.00717914e-23,-0.005847,2.777387
8.35380141e-07,2.164592,4.165017,9.36923233e-24,0.002458,4.165017
9.92030427e-07,1.299928,1.459786,1.10414194e-23,-0.018246,1.459786
2.69238421e-07,2.902234,3.081737,1.00114246e-23,0.001977,3.081737
6.86809355e-07,1.085317,2.249086,1.04612358e-23,-0.000926,2.249086
6.07401042e-07,1.910106,0.730983,9.71151805e-24,-0.003571,0.730983
6.88102480e-07,1.103350,3.724436,1.04598591e-23,-0.001372,3.724436
8.08643489e-07,0.374359,1.135277,1.01529953e-23,0.011978,1.135277
7.55845539e-07,1.115301,1.881610,1.05435901e-23,-0.001995,1.881610
4.52371705e-07,0.873959,1.070142,1.02196064e-23,0.001899,1.070142
8.51114558e-07,2.212092,3.014945,9.35939872e-24,0.004205,3.014945
9.81365398e-07,1.932550,4.060229,8.93804672e-24,-0.010674,4.060229
6.52232479e-07,1.297321,5.988605,1.03233768e-23,-0.005330,5.988605
6.13338396e-07,2.106568,5.681412,9.65763044e-24,0.000239,5.681412
9.08176835e-07,2.162039,1.810766,9.20072258e-24,0.002982,1.810766
3.85860057e-07,1.687203,3.589444,9.95882319e-24,-0.003213,3.589444
9.41472408e-07,2.891391,5.994507,9.92751246e-24,0.018876,5.994507
8.72555485e-07,1.429848,2.686545,1.03365339e-23,-0.013360,2.686545
8.24105108e-07,1.229999,0.326681,1.05769794e-23,-0.006373,0.326681
4.97019900e-07,2.055648,1.245162,9.76533252e-24,-0.000544,1.245162
8.65015185e-07,1.987744,0.867654,9.32904740e-24,-0.004246,0.867654
9.26429512e-07,2.643223,0.261708,9.68764246e-24,0.016522,0.261708
8.34555100e-07,1.113141,2.477941,1.06703905e-23,-0.002397,2.477941
5.20678163e-07,0.629324,3.207785,1.01768081e-23,0.004547,3.207785
9.72614122e-07,1.432096,3.425501,1.04942672e-23,-0.020392,3.425501
7.00121821e-07,1.485294,5.315076,1.01420930e-23,-0.008841,5.315076
6.90380704e-07,1.551856,5.205781,1.00469377e-23,-0.008918,5.205781
9.85660910e-07,1.151757,3.391076,1.12264470e-23,-0.007250,3.391076
8.65124476e-07,1.188414,1.023401,1.06871199e-23,-0.005604,1.023401
5.28715727e-07,2.150714,0.177243,9.74017609e-24,0.000849,0.177243
9.08306029e-07,0.400021,6.123788,1.02249305e-23,0.016127,6.123788
8.23069132e-07,2.377466,0.506882,9.52986435e-24,0.008202,0.506882
9.41363861e-07,2.110247,5.024842,9.07137841e-24,0.000814,5.024842
9.38877672e-07,0.775520,0.002490,1.07552400e-23,0.011681,0.002490
3.68902415e-07,0.301716,5.222471,1.00430655e-23,0.003177,5.222471
8.54739137e-07,1.485760,0.392325,1.02052084e-23,-0.013500,0.392325
4.24338220e-07,1.700516,0.814330,9.94135917e-24,-0.003662,0.814330
7.29420272e-07,0.934604,0.324398,1.04953366e-23,0.002889,0.324398
6.38721969e-07,2.204707,4.869164,9.64727244e-24,0.002222,4.869164
8.24496407e-07,0.622643,5.081251,1.03775058e-23,0.010658,5.081251
3.74386228e-07,0.696549,4.430735,1.01302430e-23,0.002443,4.430735
8.03521868e-07,0.569896,5.695395,1.03089854e-23,0.010635,5.695395
8.80031361e-07,0.731246,0.883601,1.05657023e-23,0.010505,0.883601
9.99552083e-07,1.384640,2.046258,1.10210585e-23,-0.030390,2.046258
8.78163272e-07,1.034274,0.304886,1.07733066e-23,0.000527,0.304886
9.77673859e-07,1.372544,0.020219,1.06988354e-23,-0.019020,0.020219
5.19871944e-07,1.751249,4.207057,9.87297705e-24,-0.004651,4.207057
8.73990837e-07,2.504774,3.371113,9.59081549e-24,0.012116,3.371113
9.97088165e-07,2.493280,4.830242,9.10196583e-24,0.024752,4.830242
7.42747907e-07,1.952227,3.144215,9.54673172e-24,-0.004011,3.144215
3.22408963e-07,1.508983,0.257891,1.00455500e-23,-0.002562,0.257891
3.30901794e-07,2.624651,2.050937,9.96600352e-24,0.002491,2.050937
3.99362442e-07,1.090518,1.250180,1.02007993e-23,-0.000432,1.250180
7.44371448e-07,1.425827,0.136520,1.02468531e-23,-0.009269,0.136520
6.59912299e-07,1.298622,0.629952,1.03286773e-23,-0.005466,0.629952
8.25278022e-07,0.548903,2.447849,1.03070279e-23,0.011506,2.447849
6.41291100e-07,1.370936,2.123662,1.02492992e-23,-0.006352,2.123662
8.22540768e-07,1.978100,3.155537,9.41513464e-24,-0.004088,3.155537
6.10233444e-07,1.928792,5.781820,9.69958060e-24,-0.003252,5.781820
7.00746529e-07,0.810410,1.660269,1.04015436e-23,0.005143,1.660269
9.15238675e-07,1.801340,2.645114,9.45808242e-24,-0.012850,2.645114
9.14194131e-07,0.753654,4.769095,1.06604347e-23,0.011206,4.769095
8.98999913e-07,2.051749,3.909987,9.21903390e-24,-0.001887,3.909987
3.89559176e-07,1.230127,5.711756,1.01720104e-23,-0.001738,5.711756
9.90975524e-07,1.902933,1.505899,8.86881296e-24,-0.013979,1.505899
8.04080831e-07,2.605540,1.280546,9.76144703e-24,0.010956,1.280546
8.66082314e-07,1.238220,3.973220,1.06407792e-23,-0.007510,3.973220
9.48390915e-07,0.421326,0.440354,1.02865036e-23,0.018849,0.440354
6.99570337e-07,2.491932,0.417275,9.74639581e-24,0.007344,0.417275
8.89855393e-07,2.281802,6.190162,9.32607007e-24,0.007203,6.190162
8.90196852e-07,0.638789,3.912090,1.04751271e-23,0.012730,3.912090
9.19120535e-07,1.097180,5.289502,1.08793401e-23,-0.002379,5.289502
6.47911686e-07,0.217647,0.535690,1.00498820e-23,0.007946,0.535690
9.70681070e-07,2.759658,4.666311,9.77088241e-24,0.021617,4.666311
5.64426224e-07,3.119345,0.711531,1.00200767e-23,0.006296,0.711531
4.93806635e-07,1.483485,3.455633,1.00889820e-23,-0.004877,3.455633
6.96318884e-07,2.236685,3.509558,9.59634209e-24,0.003282,3.509558
8.81326477e-07,1.329297,1.081609,1.05398458e-23,-0.011101,1.081609
7.25336875e-07,1.361171,2.146580,1.03190626e-23,-0.007783,2.146580
9.39406129e-07,2.340309,4.020657,9.25126467e-24,0.010845,4.020657
9.51505265e-07,1.170194,2.843165,1.09575482e-23,-0.006737,2.843165
7.33618965e-07,1.790935,5.855917,9.70223690e-24,-0.007755,5.855917
8.66876646e-07,1.368591,4.397405,1.04494105e-23,-0.011723,4.397405
7.98386698e-07,0.985741,2.920078,1.06097936e-23,0.001949,2.920078
9.16435310e-07,1.912384,0.962340,9.27457976e-24,-0.008491,0.962340
9.20149074e-07,2.134981,2.524267,9.15485575e-24,0.001892,2.524267
9.26061487e-07,1.917282,6.106967,9.24022144e-24,-0.008586,6.106967
6.89709964e-07,1.657066,4.684969,9.90085071e-24,-0.008593,4.684969
8.99704838e-07,1.024771,1.541101,1.08276301e-23,0.000978,1.541101
8.44462972e-07,1.355474,0.521803,1.04434271e-23,-0.010632,0.521803
5.73199427e-07,1.485934,4.578208,1.01054909e-23,-0.006232,4.578208
8.84465805e-07,0.640909,0.517617,1.04691739e-23,0.012458,0.517617
7.86399628e-07,0.656588,3.601503,1.03717781e-23,0.009167,3.601503
7.71385392e-08,1.353073,1.142887,1.00298413e-23,-0.000236,1.142887
6.95527864e-07,1.497046,0.696141,1.01244299e-23,-0.008816,0.696141
6.99439062e-07,1.543960,3.682391,1.00589306e-23,-0.009120,3.682391
7.02820846e-07,1.401068,2.915741,1.02544905e-23,-0.007965,2.915741
9.65560848e-07,2.359970,4.306886,9.16993412e-24,0.013146,4.306886
7.79344733e-07,2.516052,6.130287,9.70236089e-24,0.009379,6.130287
6.29917996e-07,0.819542,6.068351,1.03395120e-23,0.004115,6.068351
2.79246827e-07,2.459818,3.832047,9.95241191e-24,0.001602,3.832047
9.46490049e-07,0.833897,0.436730,1.08541449e-23,0.009984,0.436730
5.88170895e-07,0.899779,1.531369,1.03338385e-23,0.002518,1.531369
8.10860341e-07,1.055896,5.290471,1.06385393e-23,-0.000293,5.290471
5.08412565e-07,0.580057,1.727547,1.01510513e-23,0.004623,1.727547
7.75476678e-07,0.742229,5.027124,1.04332835e-23,0.007594,5.027124
7.45330044e-07,1.144407,2.517665,1.05193671e-23,-0.002773,2.517665
8.05812317e-07,1.213717,5.189005,1.05632724e-23,-0.005542,5.189005
8.19780886e-07,1.125437,5.095585,1.06393572e-23,-0.002730,5.095585
6.06755147e-07,1.572619,2.770020,1.00182823e-23,-0.007110,2.770020
5.71364007e-07,1.442598,4.199577,1.01461757e-23,-0.005914,4.199577
5.70706936e-07,1.547139,5.795204,1.00441780e-23,-0.006396,5.795204
7.13802585e-07,1.989935,4.621273,9.56412353e-24,-0.002740,4.621273
4.49329216e-07,1.756946,4.055080,9.90031548e-24,-0.003645,4.055080
8.71859422e-07,2.104363,1.317861,9.28190901e-24,0.000399,1.317861
9.79214634e-07,1.874794,1.011983,9.06331621e-24,-0.013939,1.011983
8.68231650e-07,1.854827,1.333986,9.45717943e-24,-0.009285,1.333986
8.36765138e-07,0.714846,0.460693,1.04830062e-23,0.009541,0.460693
6.55562810e-07,2.795699,2.422469,9.94491882e-24,0.007995,2.422469
9.14443624e-07,2.360058,3.780938,9.34664608e-24,0.010419,3.780938
6.87800896e-07,2.255200,3.692250,9.61359436e-24,0.003580,3.692250
1.98060452e-07,0.434048,0.852266,1.00382936e-23,0.001196,0.852266
8.85261285e-07,0.863611,3.025792,1.07074316e-23,0.006971,3.025792
8.75066948e-07,1.479965,0.131351,1.02300724e-23,-0.014292,0.131351
7.73083487e-07,1.103532,1.584283,1.05714691e-23,-0.001727,1.584283
9.35958602e-07,1.497787,5.664724,1.02310642e-23,-0.018033,5.664724
9.60510882e-07,1.389047,6.127298,1.05820374e-23,-0.017575,6.127298
9.58442268e-07,1.992840,3.972759,9.02905739e-24,-0.005773,3.972759
6.06594119e-07,1.314015,1.332441,1.02752347e-23,-0.004963,1.332441
9.45140595e-07,2.354095,0.929321,9.24875542e-24,0.011610,0.929321
8.60707986e-07,1.608382,4.366716,9.93624589e-24,-0.014149,4.366716
7.87794842e-07,1.423468,0.062093,1.02786441e-23,-0.010376,0.062093
8.49048774e-07,1.031866,2.104220,1.07092094e-23,0.000571,2.104220
9.57105808e-07,1.566355,4.123400,1.00346258e-23,-0.020461,4.123400
7.03199578e-07,1.719034,4.387118,9.81304771e-24,-0.008267,4.387118
3.89012991e-07,0.801632,4.477286,1.01629425e-23,0.002008,4.477286
5.89840114e-07,2.696384,5.984120,9.91795060e-24,0.006462,5.984120
8.27620296e-07,2.112681,2.527799,9.37298317e-24,0.000640,2.527799
9.74571226e-07,2.452726,4.345844,9.27026141e-24,0.017194,4.345844
9.49377670e-07,2.182729,3.255989,9.06134627e-24,0.004560,3.255989
9.80527306e-07,2.433434,3.222006,9.19890315e-24,0.017411,3.222006
9.14267922e-07,1.920245,3.465354,9.27093464e-24,-0.008078,3.465354
8.13934433e-07,1.675812,2.083561,9.81862401e-24,-0.011780,2.083561
2.77118698e-07,1.779557,1.654350,9.95734293e-24,-0.001650,1.654350
8.72531568e-07,0.952062,3.345780,1.07372937e-23,0.003675,3.345780
9.11260013e-07,2.661947,4.360394,9.72790943e-24,0.015768,4.360394
9.86353302e-07,1.752950,4.034193,9.33632367e-24,-0.021342,4.034193
8.13755007e-07,2.350105,5.614363,9.51922202e-24,0.007401,5.614363
8.37111465e-07,2.757021,2.599463,9.86884907e-24,0.012943,2.599463
8.55814262e-07,0.654105,0.926242,1.04451705e-23,0.011191,0.926242
6.03782383e-07,0.985253,4.299547,1.03687801e-23,0.001161,4.299547
5.72294806e-07,1.224972,0.752469,1.03026956e-23,-0.003122,0.752469
8.62676533e-07,0.455203,5.180665,1.02461573e-23,0.013606,5.180665
9.06773498e-07,1.162022,3.636883,1.08066616e-23,-0.005237,3.636883
6.09417425e-07,1.384504,1.979971,1.02175838e-23,-0.005985,1.979971
7.86250241e-07,2.776016,2.959038,9.90117157e-24,0.011290,2.959038
5.91877842e-07,2.145574,5.201133,9.68197774e-24,0.000932,5.201133
6.54913552e-07,1.088463,5.599668,1.04245761e-23,-0.000920,5.599668
8.97832489e-07,1.833500,6.235077,9.43502768e-24,-0.010992,6.235077
